# Blender v2.78 (sub 0) OBJ File: ''
# www.blender.org
mtllib robotpose3.mtl
o Left_Leg
v 0.662125 0.812737 -0.654268
v 0.644312 1.061778 -0.666953
v 0.183256 1.058930 -0.075412
v 0.201069 0.809888 -0.062728
v 0.465749 0.790890 -0.807432
v 0.004693 0.788041 -0.215892
v 0.447936 1.039931 -0.820116
v -0.013120 1.037083 -0.228576
vt 0.3125 0.0000
vt 0.3750 0.0000
vt 0.3750 0.1875
vt 0.3125 0.1875
vt 0.2500 0.0000
vt 0.2500 0.1875
vt 0.4375 0.0000
vt 0.5000 0.0000
vt 0.5000 0.1875
vt 0.4375 0.1875
vt 0.3750 0.2500
vt 0.3125 0.2500
vt 0.4375 0.1875
vt 0.3750 0.1875
vt 0.3750 0.2500
vt 0.4375 0.2500
vn 0.7855 0.0874 0.6127
vn 0.0713 -0.9962 0.0507
vn -0.7855 -0.0874 -0.6127
vn -0.0713 0.9962 -0.0507
vn -0.6147 -0.0038 0.7887
vn 0.6147 0.0038 -0.7887
usemtl m_0
s 1
f 1/1/1 2/2/1 3/3/1 4/4/1
f 5/5/2 1/1/2 4/4/2 6/6/2
f 7/7/3 5/8/3 6/9/3 8/10/3
f 2/2/4 7/7/4 8/10/4 3/3/4
f 8/11/5 6/12/5 4/4/5 3/3/5
f 2/13/6 1/14/6 5/15/6 7/16/6
o Head
v -0.153926 1.227671 0.637320
v 0.039119 1.475470 0.248310
v -0.037858 1.908574 0.485997
v -0.230904 1.660775 0.875007
v -0.608688 1.259550 0.431952
v -0.685665 1.692654 0.669640
v -0.415642 1.507349 0.042942
v -0.492619 1.940454 0.280630
vt 0.1250 0.7500
vt 0.2500 0.7500
vt 0.2500 0.8750
vt 0.1250 0.8750
vt 0.0000 0.7500
vt 0.0000 0.8750
vt 0.3750 0.7500
vt 0.5000 0.7500
vt 0.5000 0.8750
vt 0.3750 0.8750
vt 0.2500 1.0000
vt 0.1250 1.0000
vt 0.3750 0.8750
vt 0.2500 0.8750
vt 0.2500 1.0000
vt 0.3750 1.0000
vn 0.9095 -0.0638 0.4107
vn -0.3861 -0.4956 0.7780
vn -0.9095 0.0638 -0.4107
vn 0.3861 0.4956 -0.7780
vn -0.1540 0.8662 0.4754
vn 0.1540 -0.8662 -0.4754
usemtl m_0
s 1
f 9/17/7 10/18/7 11/19/7 12/20/7
f 13/21/8 9/17/8 12/20/8 14/22/8
f 15/23/9 13/24/9 14/25/9 16/26/9
f 10/18/10 15/23/10 16/26/10 11/19/10
f 16/27/11 14/28/11 12/20/11 11/19/11
f 10/29/12 9/30/12 13/31/12 15/32/12
o Right_Leg
v 0.004419 0.000000 0.172357
v 0.181196 0.000000 -0.004419
v 0.181196 0.750000 -0.004419
v 0.004419 0.750000 0.172357
v -0.172357 -0.000000 -0.004419
v -0.172357 0.750000 -0.004419
v 0.004419 -0.000000 -0.181196
v 0.004419 0.750000 -0.181196
vt 0.0625 0.5000
vt 0.1250 0.5000
vt 0.1250 0.6875
vt 0.0625 0.6875
vt 0.0000 0.5000
vt 0.0000 0.6875
vt 0.1875 0.5000
vt 0.2500 0.5000
vt 0.2500 0.6875
vt 0.1875 0.6875
vt 0.1250 0.7500
vt 0.0625 0.7500
vt 0.1875 0.6875
vt 0.1250 0.6875
vt 0.1250 0.7500
vt 0.1875 0.7500
vn 0.7071 0.0000 0.7071
vn -0.7071 -0.0000 0.7071
vn -0.7071 -0.0000 -0.7071
vn 0.7071 0.0000 -0.7071
vn 0.0000 1.0000 -0.0000
vn 0.0000 -1.0000 0.0000
usemtl m_0
s 1
f 17/33/13 18/34/13 19/35/13 20/36/13
f 21/37/14 17/33/14 20/36/14 22/38/14
f 23/39/15 21/40/15 22/41/15 24/42/15
f 18/34/16 23/39/16 24/42/16 19/35/16
f 24/43/17 22/44/17 20/36/17 19/35/17
f 18/45/18 17/46/18 21/47/18 23/48/18
o Left_Leg_Layer
v 0.685117 0.798596 -0.656226
v 0.665077 1.078768 -0.670496
v 0.184811 1.075801 -0.054309
v 0.204851 0.795629 -0.040039
v 0.464194 0.774018 -0.828535
v -0.016072 0.771051 -0.212348
v 0.444154 1.054190 -0.842806
v -0.036112 1.051223 -0.226618
vt 0.0625 0.0000
vt 0.1250 0.0000
vt 0.1250 0.1875
vt 0.0625 0.1875
vt 0.0000 0.0000
vt 0.0000 0.1875
vt 0.1875 0.0000
vt 0.2500 0.0000
vt 0.2500 0.1875
vt 0.1875 0.1875
vt 0.1250 0.2500
vt 0.0625 0.2500
vt 0.1875 0.1875
vt 0.1250 0.1875
vt 0.1250 0.2500
vt 0.1875 0.2500
vn 0.7855 0.0874 0.6127
vn 0.0713 -0.9962 0.0507
vn -0.7855 -0.0874 -0.6127
vn -0.0713 0.9962 -0.0507
vn -0.6147 -0.0038 0.7887
vn 0.6147 0.0038 -0.7887
usemtl m_0
s 1
f 25/49/19 26/50/19 27/51/19 28/52/19
f 29/53/20 25/49/20 28/52/20 30/54/20
f 31/55/21 29/56/21 30/57/21 32/58/21
f 26/50/22 31/55/22 32/58/22 27/51/22
f 32/59/23 30/60/23 28/52/23 27/51/23
f 26/61/24 25/62/24 29/63/24 31/64/24
o Left_Arm
v 0.391911 1.452304 -0.316686
v 0.374098 1.701345 -0.329371
v -0.086957 1.698497 0.262170
v -0.069144 1.449455 0.274854
v 0.195535 1.430457 -0.469850
v -0.265520 1.427608 0.121690
v 0.177722 1.679498 -0.482534
v -0.283333 1.676650 0.109006
vt 0.5625 0.0000
vt 0.6250 0.0000
vt 0.6250 0.1875
vt 0.5625 0.1875
vt 0.5000 0.0000
vt 0.5000 0.1875
vt 0.6875 0.0000
vt 0.7500 0.0000
vt 0.7500 0.1875
vt 0.6875 0.1875
vt 0.6250 0.2500
vt 0.5625 0.2500
vt 0.6875 0.1875
vt 0.6250 0.1875
vt 0.6250 0.2500
vt 0.6875 0.2500
vn 0.7855 0.0874 0.6127
vn 0.0713 -0.9962 0.0507
vn -0.7855 -0.0874 -0.6127
vn -0.0713 0.9962 -0.0507
vn -0.6147 -0.0038 0.7887
vn 0.6147 0.0038 -0.7887
usemtl m_0
s 1
f 33/65/25 34/66/25 35/67/25 36/68/25
f 37/69/26 33/65/26 36/68/26 38/70/26
f 39/71/27 37/72/27 38/73/27 40/74/27
f 34/66/28 39/71/28 40/74/28 35/67/28
f 40/75/29 38/76/29 36/68/29 35/67/29
f 34/77/30 33/78/30 37/79/30 39/80/30
o Body_Layer
v 0.045311 0.639687 0.145646
v 0.275292 1.016762 -0.149567
v -0.065699 1.567087 0.287719
v -0.295680 1.190012 0.582931
v -0.176518 0.639621 -0.027252
v -0.517509 1.189946 0.410034
v 0.053463 1.016696 -0.322464
v -0.287528 1.567021 0.114822
vt 0.3125 0.2500
vt 0.4375 0.2500
vt 0.4375 0.4375
vt 0.3125 0.4375
vt 0.2500 0.2500
vt 0.2500 0.4375
vt 0.5000 0.2500
vt 0.6250 0.2500
vt 0.6250 0.4375
vt 0.5000 0.4375
vt 0.4375 0.5000
vt 0.3125 0.5000
vt 0.5625 0.4375
vt 0.4375 0.4375
vt 0.4375 0.5000
vt 0.5625 0.5000
vn 0.7887 0.0002 0.6147
vn -0.4329 -0.7098 0.5557
vn -0.7887 -0.0002 -0.6147
vn 0.4329 0.7098 -0.5557
vn -0.4365 0.7044 0.5597
vn 0.4365 -0.7044 -0.5597
usemtl m_0
s 1
f 41/81/31 42/82/31 43/83/31 44/84/31
f 45/85/32 41/81/32 44/84/32 46/86/32
f 47/87/33 45/88/33 46/89/33 48/90/33
f 42/82/34 47/87/34 48/90/34 43/83/34
f 48/91/35 46/92/35 44/84/35 43/83/35
f 42/93/36 41/94/36 45/95/36 47/96/36
o Right_Arm
v -0.391830 0.431929 0.671530
v -0.221544 0.432881 0.488494
v -0.223434 1.182875 0.490633
v -0.393719 1.181924 0.673668
v -0.574866 0.431954 0.501243
v -0.576756 1.181948 0.503381
v -0.404580 0.432905 0.318207
v -0.406470 1.182899 0.320346
vt 0.6875 0.5000
vt 0.7500 0.5000
vt 0.7500 0.6875
vt 0.6875 0.6875
vt 0.6250 0.5000
vt 0.6250 0.6875
vt 0.8125 0.5000
vt 0.8750 0.5000
vt 0.8750 0.6875
vt 0.8125 0.6875
vt 0.7500 0.7500
vt 0.6875 0.7500
vt 0.8125 0.6875
vt 0.7500 0.6875
vt 0.7500 0.7500
vt 0.8125 0.7500
vn 0.7321 -0.0001 0.6811
vn -0.6811 -0.0038 0.7321
vn -0.7321 0.0001 -0.6811
vn 0.6811 0.0038 -0.7321
vn -0.0025 1.0000 0.0029
vn 0.0025 -1.0000 -0.0029
usemtl m_0
s 1
f 49/97/37 50/98/37 51/99/37 52/100/37
f 53/101/38 49/97/38 52/100/38 54/102/38
f 55/103/39 53/104/39 54/105/39 56/106/39
f 50/98/40 55/103/40 56/106/40 51/99/40
f 56/107/41 54/108/41 52/100/41 51/99/41
f 50/109/42 49/110/42 53/111/42 55/112/42
o Right_Arm_Layer
v -0.390993 0.416244 0.693568
v -0.199422 0.417314 0.487653
v -0.201390 1.198558 0.489881
v -0.392962 1.197488 0.695795
v -0.596909 0.416271 0.501995
v -0.598878 1.197515 0.504222
v -0.405338 0.417341 0.296080
v -0.407306 1.198585 0.298308
vt 0.6875 0.2500
vt 0.7500 0.2500
vt 0.7500 0.4375
vt 0.6875 0.4375
vt 0.6250 0.2500
vt 0.6250 0.4375
vt 0.8125 0.2500
vt 0.8750 0.2500
vt 0.8750 0.4375
vt 0.8125 0.4375
vt 0.7500 0.5000
vt 0.6875 0.5000
vt 0.8125 0.4375
vt 0.7500 0.4375
vt 0.7500 0.5000
vt 0.8125 0.5000
vn 0.7321 -0.0001 0.6811
vn -0.6811 -0.0038 0.7321
vn -0.7321 0.0001 -0.6811
vn 0.6811 0.0038 -0.7321
vn -0.0025 1.0000 0.0029
vn 0.0025 -1.0000 -0.0029
usemtl m_0
s 1
f 57/113/43 58/114/43 59/115/43 60/116/43
f 61/117/44 57/113/44 60/116/44 62/118/44
f 63/119/45 61/120/45 62/121/45 64/122/45
f 58/114/46 63/119/46 64/122/46 59/115/46
f 64/123/47 62/124/47 60/116/47 59/115/47
f 58/125/48 57/126/48 61/127/48 63/128/48
o Left_Arm_Layer
v 0.414903 1.438163 -0.318644
v 0.394864 1.718335 -0.332914
v -0.085402 1.715368 0.283273
v -0.065363 1.435196 0.297543
v 0.193980 1.413585 -0.490954
v -0.286286 1.410618 0.125234
v 0.173941 1.693757 -0.505224
v -0.306325 1.690790 0.110964
vt 0.8125 0.0000
vt 0.8750 0.0000
vt 0.8750 0.1875
vt 0.8125 0.1875
vt 0.7500 0.0000
vt 0.7500 0.1875
vt 0.9375 0.0000
vt 1.0000 0.0000
vt 1.0000 0.1875
vt 0.9375 0.1875
vt 0.8750 0.2500
vt 0.8125 0.2500
vt 0.9375 0.1875
vt 0.8750 0.1875
vt 0.8750 0.2500
vt 0.9375 0.2500
vn 0.7855 0.0874 0.6127
vn 0.0713 -0.9962 0.0507
vn -0.7855 -0.0874 -0.6127
vn -0.0713 0.9962 -0.0507
vn -0.6147 -0.0038 0.7887
vn 0.6147 0.0038 -0.7887
usemtl m_0
s 1
f 65/129/49 66/130/49 67/131/49 68/132/49
f 69/133/50 65/129/50 68/132/50 70/134/50
f 71/135/51 69/136/51 70/137/51 72/138/51
f 66/130/52 71/135/52 72/138/52 67/131/52
f 72/139/53 70/140/53 68/132/53 67/131/53
f 66/141/54 65/142/54 69/143/54 71/144/54
o Body
v 0.032932 0.661781 0.136103
v 0.249384 1.016674 -0.141743
v -0.077967 1.544986 0.278051
v -0.294420 1.190093 0.555897
v -0.164250 0.661722 -0.017583
v -0.491601 1.190034 0.402211
v 0.052203 1.016616 -0.295430
v -0.275149 1.544928 0.124364
vt 0.3125 0.5000
vt 0.4375 0.5000
vt 0.4375 0.6875
vt 0.3125 0.6875
vt 0.2500 0.5000
vt 0.2500 0.6875
vt 0.5000 0.5000
vt 0.6250 0.5000
vt 0.6250 0.6875
vt 0.5000 0.6875
vt 0.4375 0.7500
vt 0.3125 0.7500
vt 0.5625 0.6875
vt 0.4375 0.6875
vt 0.4375 0.7500
vt 0.5625 0.7500
vn 0.7887 0.0002 0.6147
vn -0.4329 -0.7098 0.5557
vn -0.7887 -0.0002 -0.6147
vn 0.4329 0.7098 -0.5557
vn -0.4365 0.7044 0.5597
vn 0.4365 -0.7044 -0.5597
usemtl m_0
s 1
f 73/145/55 74/146/55 75/147/55 76/148/55
f 77/149/56 73/145/56 76/148/56 78/150/56
f 79/151/57 77/152/57 78/153/57 80/154/57
f 74/146/58 79/151/58 80/154/58 75/147/58
f 80/155/59 78/156/59 76/148/59 75/147/59
f 74/157/60 73/158/60 77/159/60 79/160/60
o Hat_Layer
v -0.132758 1.183122 0.659613
v 0.084418 1.461896 0.221977
v -0.002181 1.949138 0.489375
v -0.219358 1.670364 0.927011
v -0.644365 1.218986 0.428574
v -0.730964 1.706228 0.695973
v -0.427188 1.497760 -0.009062
v -0.513788 1.985003 0.258336
vt 0.6250 0.7500
vt 0.7500 0.7500
vt 0.7500 0.8750
vt 0.6250 0.8750
vt 0.5000 0.7500
vt 0.5000 0.8750
vt 0.8750 0.7500
vt 1.0000 0.7500
vt 1.0000 0.8750
vt 0.8750 0.8750
vt 0.7500 1.0000
vt 0.6250 1.0000
vt 0.8750 0.8750
vt 0.7500 0.8750
vt 0.7500 1.0000
vt 0.8750 1.0000
vn 0.9095 -0.0638 0.4107
vn -0.3861 -0.4956 0.7780
vn -0.9095 0.0638 -0.4107
vn 0.3861 0.4956 -0.7780
vn -0.1540 0.8662 0.4754
vn 0.1540 -0.8662 -0.4754
usemtl m_0
s 1
f 81/161/61 82/162/61 83/163/61 84/164/61
f 85/165/62 81/161/62 84/164/62 86/166/62
f 87/167/63 85/168/63 86/169/63 88/170/63
f 82/162/64 87/167/64 88/170/64 83/163/64
f 88/171/65 86/172/65 84/164/65 83/163/65
f 82/173/66 81/174/66 85/175/66 87/176/66
o Right_Leg_Layer
v 0.004419 -0.015625 0.194454
v 0.203293 -0.015625 -0.004419
v 0.203293 0.765625 -0.004419
v 0.004419 0.765625 0.194454
v -0.194454 -0.015625 -0.004419
v -0.194454 0.765625 -0.004419
v 0.004419 -0.015625 -0.203293
v 0.004419 0.765625 -0.203293
vt 0.0625 0.2500
vt 0.1250 0.2500
vt 0.1250 0.4375
vt 0.0625 0.4375
vt 0.0000 0.2500
vt 0.0000 0.4375
vt 0.1875 0.2500
vt 0.2500 0.2500
vt 0.2500 0.4375
vt 0.1875 0.4375
vt 0.1250 0.5000
vt 0.0625 0.5000
vt 0.1875 0.4375
vt 0.1250 0.4375
vt 0.1250 0.5000
vt 0.1875 0.5000
vn 0.7071 0.0000 0.7071
vn -0.7071 0.0000 0.7071
vn -0.7071 -0.0000 -0.7071
vn 0.7071 0.0000 -0.7071
vn 0.0000 1.0000 0.0000
vn 0.0000 -1.0000 0.0000
usemtl m_0
s 1
f 89/177/67 90/178/67 91/179/67 92/180/67
f 93/181/68 89/177/68 92/180/68 94/182/68
f 95/183/69 93/184/69 94/185/69 96/186/69
f 90/178/70 95/183/70 96/186/70 91/179/70
f 96/187/71 94/188/71 92/180/71 91/179/71
f 90/189/72 89/190/72 93/191/72 95/192/72
