# Made in Blockbench 4.2.5
mtllib robotsitting.mtl

o Left Arm
v 0.2501137261856949 0.8613656377084846 -0.3637457209311679
v 0.23921925834223712 0.8717848955389389 -0.11420063555245241
v 0.2828282667096969 0.11279262592407918 -0.331062317400796
v 0.27193379886623914 0.12321188375453346 -0.08151723202208055
v 0.48874359560370484 0.8831446570015574 -0.10378137772199764
v 0.4996380634471626 0.8727253991711031 -0.3533264631007131
v 0.5214581361277069 0.13457164521715198 -0.07109797419162575
v 0.5323526039711647 0.1241523873866977 -0.3206430595703412
vt 0.5625 0.1875
vt 0.625 0.1875
vt 0.625 0
vt 0.5625 0
vt 0.5 0.1875
vt 0.5625 0.1875
vt 0.5625 0
vt 0.5 0
vt 0.6875 0.1875
vt 0.75 0.1875
vt 0.75 0
vt 0.6875 0
vt 0.625 0.1875
vt 0.6875 0.1875
vt 0.6875 0
vt 0.625 0
vt 0.625 0.1875
vt 0.5625 0.1875
vt 0.5625 0.25
vt 0.625 0.25
vt 0.6875 0.25
vt 0.625 0.25
vt 0.625 0.1875
vt 0.6875 0.1875
vn -0.04357787137383107 0.041677031321817166 0.9981803415148618
vn -0.9980973490458727 -0.045439045850474216 -0.041677031321819234
vn 0.04357787137383107 -0.041677031321817166 -0.9981803415148618
vn 0.9980973490458727 0.045439045850474216 0.041677031321819234
vn -0.04361938736533599 0.9980973490458728 -0.04357787137382912
vn 0.04361938736533599 -0.9980973490458728 0.04357787137382912
usemtl m_0
f 4/4/1 7/3/1 5/2/1 2/1/1
f 3/8/2 4/7/2 2/6/2 1/5/2
f 8/12/3 3/11/3 1/10/3 6/9/3
f 7/16/4 8/15/4 6/14/4 5/13/4
f 6/20/5 1/19/5 2/18/5 5/17/5
f 7/24/6 4/23/6 3/22/6 8/21/6
o Left Arm Layer
v 0.23451780641948586 0.8755997200815093 -0.3806743966219571
v 0.22226153009559585 0.8873213851407704 -0.09993617557090223
v 0.26859545279865465 0.09583616613942036 -0.3466291846111531
v 0.2563391764747647 0.10755783119868145 -0.06589096356009821
v 0.5029764095147471 0.9001011167862162 -0.08821451051164059
v 0.5152326858386371 0.8883794517269551 -0.3689527315626955
v 0.5370540558939159 0.1203375628441273 -0.05416929850083657
v 0.5493103322178059 0.10861589778486622 -0.33490751955189146
vt 0.8125 0.1875
vt 0.875 0.1875
vt 0.875 0
vt 0.8125 0
vt 0.75 0.1875
vt 0.8125 0.1875
vt 0.8125 0
vt 0.75 0
vt 0.9375 0.1875
vt 1 0.1875
vt 1 0
vt 0.9375 0
vt 0.875 0.1875
vt 0.9375 0.1875
vt 0.9375 0
vt 0.875 0
vt 0.875 0.1875
vt 0.8125 0.1875
vt 0.8125 0.25
vt 0.875 0.25
vt 0.9375 0.25
vt 0.875 0.25
vt 0.875 0.1875
vt 0.9375 0.1875
vn -0.04357787137383107 0.041677031321817166 0.9981803415148618
vn -0.9980973490458727 -0.045439045850474216 -0.041677031321819234
vn 0.04357787137383107 -0.041677031321817166 -0.9981803415148618
vn 0.9980973490458727 0.045439045850474216 0.041677031321819234
vn -0.04361938736533599 0.9980973490458728 -0.04357787137382912
vn 0.04361938736533599 -0.9980973490458728 0.04357787137382912
usemtl m_0
f 12/28/7 15/27/7 13/26/7 10/25/7
f 11/32/8 12/31/8 10/30/8 9/29/8
f 16/36/9 11/35/9 9/34/9 14/33/9
f 15/40/10 16/39/10 14/38/10 13/37/10
f 14/44/11 9/43/11 10/42/11 13/41/11
f 15/48/12 12/47/12 11/46/12 16/45/12
o Right Arm
v -0.5 0.83963508750636 -0.38001308249472204
v -0.49999999999999994 0.8937449909908857 -0.13593908071473887
v -0.5 0.10741308216641036 -0.21768337204114513
v -0.49999999999999994 0.16152298565093604 0.026390629738838156
v -0.25 0.8937449909908857 -0.13593908071473887
v -0.25 0.83963508750636 -0.38001308249472215
v -0.25 0.16152298565093604 0.0263906297388381
v -0.25 0.10741308216641036 -0.21768337204114513
vt 0.6875 0.6875
vt 0.75 0.6875
vt 0.75 0.5
vt 0.6875 0.5
vt 0.625 0.6875
vt 0.6875 0.6875
vt 0.6875 0.5
vt 0.625 0.5
vt 0.8125 0.6875
vt 0.875 0.6875
vt 0.875 0.5
vt 0.8125 0.5
vt 0.75 0.6875
vt 0.8125 0.6875
vt 0.8125 0.5
vt 0.75 0.5
vt 0.75 0.6875
vt 0.6875 0.6875
vt 0.6875 0.75
vt 0.75 0.75
vt 0.8125 0.75
vt 0.75 0.75
vt 0.75 0.6875
vt 0.8125 0.6875
vn 1.195617780139768e-16 0.2164396139381028 0.9762960071199334
vn -1 0 1.2246467991473532e-16
vn -1.195617780139768e-16 -0.2164396139381028 -0.9762960071199334
vn 1 0 -1.2246467991473532e-16
vn -2.6506208041798643e-17 0.9762960071199334 -0.2164396139381028
vn 2.6506208041798643e-17 -0.9762960071199334 0.2164396139381028
usemtl m_0
f 20/52/13 23/51/13 21/50/13 18/49/13
f 19/56/14 20/55/14 18/54/14 17/53/14
f 24/60/15 19/59/15 17/58/15 22/57/15
f 23/64/16 24/63/16 22/62/16 21/61/16
f 22/68/17 17/67/17 18/66/17 21/65/17
f 23/72/18 20/71/18 19/70/18 24/69/18
o Right Arm Layer
v -0.515625 0.851507843649826 -0.39864957657375394
v -0.515625 0.9123814850699175 -0.1240663245712727
v -0.515625 0.08877658808737854 -0.22955612818461119
v -0.515625 0.14965022950746992 0.045027123817869996
v -0.234375 0.9123814850699175 -0.1240663245712727
v -0.23437500000000006 0.851507843649826 -0.39864957657375394
v -0.23437499999999997 0.14965022950746992 0.04502712381786994
v -0.23437500000000003 0.08877658808737854 -0.22955612818461119
vt 0.6875 0.4375
vt 0.75 0.4375
vt 0.75 0.25
vt 0.6875 0.25
vt 0.625 0.4375
vt 0.6875 0.4375
vt 0.6875 0.25
vt 0.625 0.25
vt 0.8125 0.4375
vt 0.875 0.4375
vt 0.875 0.25
vt 0.8125 0.25
vt 0.75 0.4375
vt 0.8125 0.4375
vt 0.8125 0.25
vt 0.75 0.25
vt 0.75 0.4375
vt 0.6875 0.4375
vt 0.6875 0.5
vt 0.75 0.5
vt 0.8125 0.5
vt 0.75 0.5
vt 0.75 0.4375
vt 0.8125 0.4375
vn 1.195617780139768e-16 0.2164396139381028 0.9762960071199334
vn -1 0 1.2246467991473532e-16
vn -1.195617780139768e-16 -0.2164396139381028 -0.9762960071199334
vn 1 0 -1.2246467991473532e-16
vn -2.6506208041798643e-17 0.9762960071199334 -0.2164396139381028
vn 2.6506208041798643e-17 -0.9762960071199334 0.2164396139381028
usemtl m_0
f 28/76/19 31/75/19 29/74/19 26/73/19
f 27/80/20 28/79/20 26/78/20 25/77/20
f 32/84/21 27/83/21 25/82/21 30/81/21
f 31/88/22 32/87/22 30/86/22 29/85/22
f 30/92/23 25/91/23 26/90/23 29/89/23
f 31/96/24 28/95/24 27/94/24 32/93/24
o Body
v -0.25000000000000006 0.884899420057864 -0.33853596350668763
v -0.25 0.8522678720028511 -0.09067474816323506
v -0.25000000000000006 0.14131577402750622 -0.43643060767172637
v -0.25 0.10868422597249333 -0.18856939232827374
v 0.25 0.8522678720028511 -0.09067474816323512
v 0.24999999999999994 0.884899420057864 -0.3385359635066877
v 0.25 0.10868422597249333 -0.18856939232827383
v 0.24999999999999994 0.14131577402750622 -0.4364306076717264
vt 0.3125 0.6875
vt 0.4375 0.6875
vt 0.4375 0.5
vt 0.3125 0.5
vt 0.25 0.6875
vt 0.3125 0.6875
vt 0.3125 0.5
vt 0.25 0.5
vt 0.5 0.6875
vt 0.625 0.6875
vt 0.625 0.5
vt 0.5 0.5
vt 0.4375 0.6875
vt 0.5 0.6875
vt 0.5 0.5
vt 0.4375 0.5
vt 0.4375 0.6875
vt 0.3125 0.6875
vt 0.3125 0.75
vt 0.4375 0.75
vt 0.5625 0.75
vt 0.4375 0.75
vt 0.4375 0.6875
vt 0.5625 0.6875
vn 1.2141697760125282e-16 -0.13052619222005157 0.9914448613738104
vn -1 3.0814879110195774e-33 1.2246467991473532e-16
vn -1.2141697760125282e-16 0.13052619222005157 -0.9914448613738104
vn 1 -3.0814879110195774e-33 -1.2246467991473532e-16
vn 1.5984848350717833e-17 0.9914448613738104 0.13052619222005157
vn -1.5984848350717833e-17 -0.9914448613738104 -0.13052619222005157
usemtl m_0
f 36/100/25 39/99/25 37/98/25 34/97/25
f 35/104/26 36/103/26 34/102/26 33/101/26
f 40/108/27 35/107/27 33/106/27 38/105/27
f 39/112/28 40/111/28 38/110/28 37/109/28
f 38/116/29 33/115/29 34/114/29 37/113/29
f 39/120/30 36/119/30 35/118/30 40/117/30
o Body Layer
v -0.26562500000000006 0.9024302177702682 -0.35198781771221516
v -0.265625 0.8657197262083787 -0.07314395045083097
v -0.26562500000000006 0.12786391982197876 -0.45396140538413043
v -0.265625 0.09115342826008925 -0.17511753812274627
v 0.265625 0.8657197262083787 -0.07314395045083102
v 0.26562499999999994 0.9024302177702682 -0.3519878177122152
v 0.265625 0.09115342826008925 -0.17511753812274633
v 0.26562499999999994 0.12786391982197876 -0.4539614053841305
vt 0.3125 0.4375
vt 0.4375 0.4375
vt 0.4375 0.25
vt 0.3125 0.25
vt 0.25 0.4375
vt 0.3125 0.4375
vt 0.3125 0.25
vt 0.25 0.25
vt 0.5 0.4375
vt 0.625 0.4375
vt 0.625 0.25
vt 0.5 0.25
vt 0.4375 0.4375
vt 0.5 0.4375
vt 0.5 0.25
vt 0.4375 0.25
vt 0.4375 0.4375
vt 0.3125 0.4375
vt 0.3125 0.5
vt 0.4375 0.5
vt 0.5625 0.5
vt 0.4375 0.5
vt 0.4375 0.4375
vt 0.5625 0.4375
vn 1.2141697760125282e-16 -0.13052619222005157 0.9914448613738104
vn -1 3.0814879110195774e-33 1.2246467991473532e-16
vn -1.2141697760125282e-16 0.13052619222005157 -0.9914448613738104
vn 1 -3.0814879110195774e-33 -1.2246467991473532e-16
vn 1.5984848350717833e-17 0.9914448613738104 0.13052619222005157
vn -1.5984848350717833e-17 -0.9914448613738104 -0.13052619222005157
usemtl m_0
f 44/124/31 47/123/31 45/122/31 42/121/31
f 43/128/32 44/127/32 42/126/32 41/125/32
f 48/132/33 43/131/33 41/130/33 46/129/33
f 47/136/34 48/135/34 46/134/34 45/133/34
f 46/140/35 41/139/35 42/138/35 45/137/35
f 47/144/36 44/143/36 43/142/36 48/141/36
o Head
v -0.30034622920203424 1.4021908061706754 -0.2220579561264036
v -0.33759847788328035 1.1530000367255466 0.20981729251784909
v -0.2280440309782782 0.9709896030081763 -0.46462323501690167
v -0.2652962796595244 0.7217988335630474 -0.032747986372648974
v 0.15574183275452191 1.1973788922150388 0.27797780223747715
v 0.19299408143576807 1.4465696616601675 -0.15389744640677555
v 0.2280440309782779 0.7661776890525396 0.035412523346978975
v 0.26529627965952407 1.0153684584976683 -0.39646272529727367
vt 0.125 0.875
vt 0.25 0.875
vt 0.25 0.75
vt 0.125 0.75
vt 0 0.875
vt 0.125 0.875
vt 0.125 0.75
vt 0 0.75
vt 0.375 0.875
vt 0.5 0.875
vt 0.5 0.75
vt 0.375 0.75
vt 0.25 0.875
vt 0.375 0.875
vt 0.375 0.75
vt 0.25 0.75
vt 0.25 0.875
vt 0.125 0.875
vt 0.125 1
vt 0.25 1
vt 0.375 1
vt 0.25 1
vt 0.25 0.875
vt 0.375 0.875
vn -0.07450449736249236 -0.4983815388902577 0.8637504972885057
vn -0.9866806212756047 -0.08875771097898418 -0.1363210194392561
vn 0.07450449736249236 0.4983815388902577 -0.8637504972885057
vn 0.9866806212756047 0.08875771097898418 0.1363210194392561
vn -0.1446043964475122 0.8624024063249996 0.48513055778099684
vn 0.1446043964475122 -0.8624024063249996 -0.48513055778099684
usemtl m_0
f 52/148/37 55/147/37 53/146/37 50/145/37
f 51/152/38 52/151/38 50/150/38 49/149/38
f 56/156/39 51/155/39 49/154/39 54/153/39
f 55/160/40 56/159/40 54/158/40 53/157/40
f 54/164/41 49/163/41 50/162/41 53/161/41
f 55/168/42 52/167/42 51/166/42 56/165/42
o Hat Layer
v -0.3333706204633038 1.441941625990559 -0.2381498610934899
v -0.37527940022970574 1.1616020103647893 0.24770979363129442
v -0.2520306474615782 0.9568402724327474 -0.5110357998453005
v -0.29393942722798017 0.6765006568069775 -0.025176145120516025
v 0.1797284492378219 1.2115282227904678 0.324390367065876
v 0.22163722900422386 1.4918678384162376 -0.16146928765890833
v 0.26106842223954746 0.726426869232656 0.05150442831406543
v 0.3029772020059494 1.006766484858426 -0.4343552264107189
vt 0.625 0.875
vt 0.75 0.875
vt 0.75 0.75
vt 0.625 0.75
vt 0.5 0.875
vt 0.625 0.875
vt 0.625 0.75
vt 0.5 0.75
vt 0.875 0.875
vt 1 0.875
vt 1 0.75
vt 0.875 0.75
vt 0.75 0.875
vt 0.875 0.875
vt 0.875 0.75
vt 0.75 0.75
vt 0.75 0.875
vt 0.625 0.875
vt 0.625 1
vt 0.75 1
vt 0.875 1
vt 0.75 1
vt 0.75 0.875
vt 0.875 0.875
vn -0.07450449736249236 -0.4983815388902577 0.8637504972885057
vn -0.9866806212756047 -0.08875771097898418 -0.1363210194392561
vn 0.07450449736249236 0.4983815388902577 -0.8637504972885057
vn 0.9866806212756047 0.08875771097898418 0.1363210194392561
vn -0.1446043964475122 0.8624024063249996 0.48513055778099684
vn 0.1446043964475122 -0.8624024063249996 -0.48513055778099684
usemtl m_0
f 60/172/43 63/171/43 61/170/43 58/169/43
f 59/176/44 60/175/44 58/174/44 57/173/44
f 64/180/45 59/179/45 57/178/45 62/177/45
f 63/184/46 64/183/46 62/182/46 61/181/46
f 62/188/47 57/187/47 58/186/47 61/185/47
f 63/192/48 60/191/48 59/190/48 64/189/48
o Right Leg
v -0.24327433726146827 2.220446049250313e-16 -0.3233944678434576
v -0.24327433726146827 0.2500000000000003 -0.3233944678434574
v -0.3086411443222118 -1.1102230246251565e-16 0.42375155572535184
v -0.3086411443222118 0.24999999999999983 0.42375155572535195
v 0.005774337261468171 0.2500000000000003 -0.30160553215654284
v 0.005774337261468171 2.220446049250313e-16 -0.30160553215654307
v -0.05959246979927538 0.24999999999999983 0.4455404914122664
v -0.05959246979927537 -1.1102230246251565e-16 0.44554049141226626
vt 0.0625 0.6875
vt 0.125 0.6875
vt 0.125 0.5
vt 0.0625 0.5
vt 0 0.6875
vt 0.0625 0.6875
vt 0.0625 0.5
vt 0 0.5
vt 0.1875 0.6875
vt 0.25 0.6875
vt 0.25 0.5
vt 0.1875 0.5
vt 0.125 0.6875
vt 0.1875 0.6875
vt 0.1875 0.5
vt 0.125 0.5
vt 0.125 0.6875
vt 0.0625 0.6875
vt 0.0625 0.75
vt 0.125 0.75
vt 0.1875 0.75
vt 0.125 0.75
vt 0.125 0.6875
vt 0.1875 0.6875
vn -1.3818709574910909e-17 1 5.560229676756924e-16
vn -0.9961946980917455 4.146866684568504e-17 -0.08715574274765804
vn 1.3818709574910909e-17 -1 -5.560229676756924e-16
vn 0.9961946980917455 -4.146866684568504e-17 0.08715574274765804
vn 0.08715574274765804 5.536039098675235e-16 -0.9961946980917457
vn -0.08715574274765804 -5.536039098675235e-16 0.9961946980917457
usemtl m_0
f 68/196/49 71/195/49 69/194/49 66/193/49
f 67/200/50 68/199/50 66/198/50 65/197/50
f 72/204/51 67/203/51 65/202/51 70/201/51
f 71/208/52 72/207/52 70/206/52 69/205/52
f 70/212/53 65/211/53 66/210/53 69/209/53
f 71/216/54 68/215/54 67/214/54 72/213/54
o Right Leg Layer
v -0.25747807093871966 -0.015624999999999778 -0.3403218184815734
v -0.25747807093871966 0.2656250000000003 -0.34032181848157317
v -0.3255684949603275 -0.01562500000000011 0.43795528940260314
v -0.3255684949603275 0.26562499999999983 0.4379552894026033
v 0.022701687899583864 0.2656250000000003 -0.3158092658337942
v 0.022701687899583864 -0.015624999999999778 -0.31580926583379443
v -0.045388736122024 0.26562499999999983 0.4624678420503821
v -0.045388736122024 -0.015625000000000222 0.46246784205038194
vt 0.0625 0.4375
vt 0.125 0.4375
vt 0.125 0.25
vt 0.0625 0.25
vt 0 0.4375
vt 0.0625 0.4375
vt 0.0625 0.25
vt 0 0.25
vt 0.1875 0.4375
vt 0.25 0.4375
vt 0.25 0.25
vt 0.1875 0.25
vt 0.125 0.4375
vt 0.1875 0.4375
vt 0.1875 0.25
vt 0.125 0.25
vt 0.125 0.4375
vt 0.0625 0.4375
vt 0.0625 0.5
vt 0.125 0.5
vt 0.1875 0.5
vt 0.125 0.5
vt 0.125 0.4375
vt 0.1875 0.4375
vn -1.3818709574910909e-17 1 5.560229676756924e-16
vn -0.9961946980917455 4.146866684568504e-17 -0.08715574274765804
vn 1.3818709574910909e-17 -1 -5.560229676756924e-16
vn 0.9961946980917455 -4.146866684568504e-17 0.08715574274765804
vn 0.08715574274765804 5.536039098675235e-16 -0.9961946980917457
vn -0.08715574274765804 -5.536039098675235e-16 0.9961946980917457
usemtl m_0
f 76/220/55 79/219/55 77/218/55 74/217/55
f 75/224/56 76/223/56 74/222/56 73/221/56
f 80/228/57 75/227/57 73/226/57 78/225/57
f 79/232/58 80/231/58 78/230/58 77/229/58
f 78/236/59 73/235/59 74/234/59 77/233/59
f 79/240/60 76/239/60 75/238/60 80/237/60
o Left Leg
v -0.001990728286133586 0 -0.280147619362185
v -0.0019907282861335307 0.25 -0.2801476193621846
v 0.192123555540757 -1.3322676295501878e-15 0.44429675035461597
v 0.19212355554075705 0.24999999999999867 0.4442967503546164
v 0.2394907282861334 0.25000000000000006 -0.34485238063781476
v 0.23949072828613335 1.1102230246251565e-16 -0.3448523806378152
v 0.43360501211302405 0.24999999999999872 0.3795919890789862
v 0.43360501211302394 -1.2212453270876722e-15 0.3795919890789858
vt 0.3125 0.1875
vt 0.375 0.1875
vt 0.375 0
vt 0.3125 0
vt 0.25 0.1875
vt 0.3125 0.1875
vt 0.3125 0
vt 0.25 0
vt 0.4375 0.1875
vt 0.5 0.1875
vt 0.5 0
vt 0.4375 0
vt 0.375 0.1875
vt 0.4375 0.1875
vt 0.4375 0
vt 0.375 0
vt 0.375 0.1875
vt 0.3125 0.1875
vt 0.3125 0.25
vt 0.375 0.25
vt 0.4375 0.25
vt 0.375 0.25
vt 0.375 0.1875
vt 0.4375 0.1875
vn 1.9165670782835403e-16 1 1.787665663653003e-15
vn -0.9659258262890683 -2.4527636244966405e-16 0.25881904510252085
vn -1.9165670782835403e-16 -1 -1.787665663653003e-15
vn 0.9659258262890683 2.4527636244966405e-16 -0.25881904510252085
vn -0.25881904510252085 1.7732983204987878e-15 -0.9659258262890683
vn 0.25881904510252085 -1.7732983204987878e-15 0.9659258262890683
usemtl m_0
f 84/244/61 87/243/61 85/242/61 82/241/61
f 83/248/62 84/247/62 82/246/62 81/245/62
f 88/252/63 83/251/63 81/250/63 86/249/63
f 87/256/64 88/255/64 86/254/64 85/253/64
f 86/260/65 81/259/65 82/258/65 85/257/65
f 87/264/66 84/263/66 83/262/66 88/261/66
o Left Leg Layer
v -0.02112736690162717 -0.015625 -0.2911961628182247
v -0.021127366901627115 0.265625 -0.29119616281822425
v 0.1810750120847172 -0.015625000000001332 0.46343338897010955
v 0.18107501208471727 0.2656249999999986 0.46343338897011005
v 0.2505392717421733 0.2656250000000001 -0.3639890192533084
v 0.25053927174217316 -0.015624999999999889 -0.36398901925330884
v 0.4527416507285176 0.2656249999999987 0.39064053253502606
v 0.4527416507285176 -0.015625000000001332 0.39064053253502556
vt 0.0625 0.1875
vt 0.125 0.1875
vt 0.125 0
vt 0.0625 0
vt 0 0.1875
vt 0.0625 0.1875
vt 0.0625 0
vt 0 0
vt 0.1875 0.1875
vt 0.25 0.1875
vt 0.25 0
vt 0.1875 0
vt 0.125 0.1875
vt 0.1875 0.1875
vt 0.1875 0
vt 0.125 0
vt 0.125 0.1875
vt 0.0625 0.1875
vt 0.0625 0.25
vt 0.125 0.25
vt 0.1875 0.25
vt 0.125 0.25
vt 0.125 0.1875
vt 0.1875 0.1875
vn 1.9165670782835403e-16 1 1.787665663653003e-15
vn -0.9659258262890683 -2.4527636244966405e-16 0.25881904510252085
vn -1.9165670782835403e-16 -1 -1.787665663653003e-15
vn 0.9659258262890683 2.4527636244966405e-16 -0.25881904510252085
vn -0.25881904510252085 1.7732983204987878e-15 -0.9659258262890683
vn 0.25881904510252085 -1.7732983204987878e-15 0.9659258262890683
usemtl m_0
f 92/268/67 95/267/67 93/266/67 90/265/67
f 91/272/68 92/271/68 90/270/68 89/269/68
f 96/276/69 91/275/69 89/274/69 94/273/69
f 95/280/70 96/279/70 94/278/70 93/277/70
f 94/284/71 89/283/71 90/282/71 93/281/71
f 95/288/72 92/287/72 91/286/72 96/285/72