# Made in Blockbench 4.2.5
mtllib robotpose2alt.mtl

o 2
v -0.11973900000000004 -0.293957 0.313613
v 0.16296500000000003 0.08771 0.157381
v -0.24746 0.366629 0.096094
v -0.5301640000000001 -0.015039 0.252327
v -0.16010899999999995 -0.456852 -0.157381
v -0.5705340000000001 -0.177934 -0.218667
v 0.12259500000000001 -0.075185 -0.313613
v -0.28783000000000003 0.203733 -0.3749
v -0.5659799999999999 -0.497863 0.198154
v -0.5173129999999999 -0.237636 0.103206
v 0.217808 -0.438073 -0.069342
v 0.1691419999999999 -0.6983 0.025606
v -0.48414599999999997 -0.41927 0.455502
v 0.25097499999999995 -0.619706 0.282954
v -0.43548 -0.159043 0.360554
v 0.29964199999999996 -0.35948 0.188006
v 1.4908799999999998 -0.469332 0.248716
v 1.502961 -0.192618 0.199878
v 0.724909 -0.170483 0.132822
v 0.7128269999999999 -0.447196 0.18166
v 1.5132469999999998 -0.519007 -0.027207
v 0.7351939999999999 -0.496872 -0.094263
v 1.525328 -0.242294 -0.076045
v 0.747276 -0.220158 -0.143101
v 0.7409209999999999 -0.441568 0.166513
v 0.7624 0.050368 0.079689
v 0.01311400000000007 0.083082 0.079689
v -0.008364999999999956 -0.408853 0.166513
v 0.739028 -0.484938 -0.079689
v -0.010257999999999878 -0.452224 -0.079689
v 0.7605059999999999 0.006997 -0.166513
v 0.011220000000000008 0.039711 -0.166513
v -0.544028 -0.483048 0.203725
v -0.5007680000000001 -0.251736 0.119327
v 0.20494900000000005 -0.444155 -0.046319
v 0.16168899999999997 -0.675468 0.038079
v -0.471287 -0.413188 0.432479
v 0.23443000000000014 -0.605607 0.266833
v -0.42802700000000005 -0.181875 0.348081
v 0.27769 -0.374294 0.182435
v 1.527173 -0.256488 0.059326
v 1.5388729999999997 0.01149 -0.025247
v 0.7663820000000001 0.075911 0.072007
v 0.7546820000000001 -0.192067 0.15658
v 1.48684 -0.338657 -0.206612
v 0.7143489999999999 -0.274236 -0.109358
v 1.4985400000000002 -0.070679 -0.291186
v 0.7260489999999999 -0.006258 -0.193932
v 0.6041590000000001 -0.148619 0.297415
v 0.7216260000000001 0.069324 0.262739
v 0.0896300000000001 0.366441 -0.010762
v -0.02783699999999989 0.148498 0.023914
v 0.669899 -0.220676 0.067228
v 0.03790300000000002 0.076442 -0.206273
v 0.787366 -0.002733 0.032552
v 0.15537 0.294384 -0.240949
v 0.6058749999999999 -0.163927 0.319667
v 0.7380260000000001 0.081259 0.280656
v 0.0796969999999999 0.390756 -0.004241
v -0.05245299999999986 0.14557 0.03477
v 0.679832 -0.24499 0.060707
v 0.021503999999999968 0.064507 -0.22419
v 0.8119830000000001 0.000195 0.021696
v 0.15365399999999996 0.309692 -0.263201
v 1.4772319999999999 -0.456276 0.229333
v 1.487971 -0.210308 0.185921
v 0.7410410000000001 -0.189058 0.121547
v 0.730302 -0.435026 0.164959
v 1.4971139999999998 -0.500432 -0.015932
v 0.750184 -0.479182 -0.080306
v 1.5078529999999999 -0.254464 -0.059344
v 0.760923 -0.233214 -0.123718
v 0.755979 -0.454912 0.184614
v 0.7787999999999999 0.06777 0.092363
v -0.001707000000000125 0.101847 0.092363
v -0.024528000000000105 -0.420834 0.184614
v 0.7538480000000001 -0.503704 -0.092363
v -0.02665799999999985 -0.469626 -0.092363
v 0.776669 0.018978 -0.184614
v -0.0038369999999998683 0.053055 -0.184614
v 1.5101329999999997 -0.244877 0.041798
v 1.520533 -0.006674 -0.033378
v 0.7789410000000001 0.05517 0.059986
v 0.7685409999999999 -0.183033 0.135162
v 1.474281 -0.317916 -0.194591
v 0.7326890000000001 -0.256071 -0.101227
v 1.4846810000000001 -0.079713 -0.269768
v 0.7430889999999999 -0.017869 -0.176404
v -0.10923400000000005 -0.325062 0.356645
v 0.20880799999999988 0.104313 0.180884
v -0.25292000000000003 0.418096 0.111936
v -0.570962 -0.011279 0.287698
v -0.15464999999999995 -0.50832 -0.173223
v -0.6163780000000001 -0.194537 -0.24217
v 0.16339199999999998 -0.078944 -0.348984
v -0.29833600000000005 0.234839 -0.417932
vt 0.125 0.75
vt 0.25 0.75
vt 0.25 0.875
vt 0.125 0.875
vt 0 0.75
vt 0.125 0.75
vt 0.125 0.875
vt 0 0.875
vt 0.375 0.75
vt 0.5 0.75
vt 0.5 0.875
vt 0.375 0.875
vt 0.25 0.75
vt 0.375 0.75
vt 0.375 0.875
vt 0.25 0.875
vt 0.25 1
vt 0.125 1
vt 0.125 0.875
vt 0.25 0.875
vt 0.375 0.875
vt 0.25 0.875
vt 0.25 1
vt 0.375 1
vt 0.6875 0.25
vt 0.75 0.25
vt 0.75 0.4375
vt 0.6875 0.4375
vt 0.625 0.25
vt 0.6875 0.25
vt 0.6875 0.4375
vt 0.625 0.4375
vt 0.8125 0.25
vt 0.875 0.25
vt 0.875 0.4375
vt 0.8125 0.4375
vt 0.75 0.25
vt 0.8125 0.25
vt 0.8125 0.4375
vt 0.75 0.4375
vt 0.75 0.5
vt 0.6875 0.5
vt 0.6875 0.4375
vt 0.75 0.4375
vt 0.8125 0.4375
vt 0.75 0.4375
vt 0.75 0.5
vt 0.8125 0.5
vt 0.0625 0.25
vt 0.125 0.25
vt 0.125 0.4375
vt 0.0625 0.4375
vt 0 0.25
vt 0.0625 0.25
vt 0.0625 0.4375
vt 0 0.4375
vt 0.1875 0.25
vt 0.25 0.25
vt 0.25 0.4375
vt 0.1875 0.4375
vt 0.125 0.25
vt 0.1875 0.25
vt 0.1875 0.4375
vt 0.125 0.4375
vt 0.125 0.5
vt 0.0625 0.5
vt 0.0625 0.4375
vt 0.125 0.4375
vt 0.1875 0.4375
vt 0.125 0.4375
vt 0.125 0.5
vt 0.1875 0.5
vt 0.3125 0.5
vt 0.4375 0.5
vt 0.4375 0.6875
vt 0.3125 0.6875
vt 0.25 0.5
vt 0.3125 0.5
vt 0.3125 0.6875
vt 0.25 0.6875
vt 0.5 0.5
vt 0.625 0.5
vt 0.625 0.6875
vt 0.5 0.6875
vt 0.4375 0.5
vt 0.5 0.5
vt 0.5 0.6875
vt 0.4375 0.6875
vt 0.4375 0.75
vt 0.3125 0.75
vt 0.3125 0.6875
vt 0.4375 0.6875
vt 0.5625 0.6875
vt 0.4375 0.6875
vt 0.4375 0.75
vt 0.5625 0.75
vt 0.6875 0.5
vt 0.75 0.5
vt 0.75 0.6875
vt 0.6875 0.6875
vt 0.625 0.5
vt 0.6875 0.5
vt 0.6875 0.6875
vt 0.625 0.6875
vt 0.8125 0.5
vt 0.875 0.5
vt 0.875 0.6875
vt 0.8125 0.6875
vt 0.75 0.5
vt 0.8125 0.5
vt 0.8125 0.6875
vt 0.75 0.6875
vt 0.75 0.75
vt 0.6875 0.75
vt 0.6875 0.6875
vt 0.75 0.6875
vt 0.8125 0.6875
vt 0.75 0.6875
vt 0.75 0.75
vt 0.8125 0.75
vt 0.0625 0
vt 0.125 0
vt 0.125 0.1875
vt 0.0625 0.1875
vt 0 0
vt 0.0625 0
vt 0.0625 0.1875
vt 0 0.1875
vt 0.1875 0
vt 0.25 0
vt 0.25 0.1875
vt 0.1875 0.1875
vt 0.125 0
vt 0.1875 0
vt 0.1875 0.1875
vt 0.125 0.1875
vt 0.125 0.25
vt 0.0625 0.25
vt 0.0625 0.1875
vt 0.125 0.1875
vt 0.1875 0.1875
vt 0.125 0.1875
vt 0.125 0.25
vt 0.1875 0.25
vt 0.5625 0
vt 0.625 0
vt 0.625 0.1875
vt 0.5625 0.1875
vt 0.5 0
vt 0.5625 0
vt 0.5625 0.1875
vt 0.5 0.1875
vt 0.6875 0
vt 0.75 0
vt 0.75 0.1875
vt 0.6875 0.1875
vt 0.625 0
vt 0.6875 0
vt 0.6875 0.1875
vt 0.625 0.1875
vt 0.625 0.25
vt 0.5625 0.25
vt 0.5625 0.1875
vt 0.625 0.1875
vt 0.6875 0.1875
vt 0.625 0.1875
vt 0.625 0.25
vt 0.6875 0.25
vt 0.8125 0
vt 0.875 0
vt 0.875 0.1875
vt 0.8125 0.1875
vt 0.75 0
vt 0.8125 0
vt 0.8125 0.1875
vt 0.75 0.1875
vt 0.9375 0
vt 1 0
vt 1 0.1875
vt 0.9375 0.1875
vt 0.875 0
vt 0.9375 0
vt 0.9375 0.1875
vt 0.875 0.1875
vt 0.875 0.25
vt 0.8125 0.25
vt 0.8125 0.1875
vt 0.875 0.1875
vt 0.9375 0.1875
vt 0.875 0.1875
vt 0.875 0.25
vt 0.9375 0.25
vt 0.0625 0.5
vt 0.125 0.5
vt 0.125 0.6875
vt 0.0625 0.6875
vt 0 0.5
vt 0.0625 0.5
vt 0.0625 0.6875
vt 0 0.6875
vt 0.1875 0.5
vt 0.25 0.5
vt 0.25 0.6875
vt 0.1875 0.6875
vt 0.125 0.5
vt 0.1875 0.5
vt 0.1875 0.6875
vt 0.125 0.6875
vt 0.125 0.75
vt 0.0625 0.75
vt 0.0625 0.6875
vt 0.125 0.6875
vt 0.1875 0.6875
vt 0.125 0.6875
vt 0.125 0.75
vt 0.1875 0.75
vt 0.3125 0.25
vt 0.4375 0.25
vt 0.4375 0.4375
vt 0.3125 0.4375
vt 0.25 0.25
vt 0.3125 0.25
vt 0.3125 0.4375
vt 0.25 0.4375
vt 0.5 0.25
vt 0.625 0.25
vt 0.625 0.4375
vt 0.5 0.4375
vt 0.4375 0.25
vt 0.5 0.25
vt 0.5 0.4375
vt 0.4375 0.4375
vt 0.4375 0.5
vt 0.3125 0.5
vt 0.3125 0.4375
vt 0.4375 0.4375
vt 0.5625 0.4375
vt 0.4375 0.4375
vt 0.4375 0.5
vt 0.5625 0.5
vt 0.3125 0
vt 0.375 0
vt 0.375 0.1875
vt 0.3125 0.1875
vt 0.25 0
vt 0.3125 0
vt 0.3125 0.1875
vt 0.25 0.1875
vt 0.4375 0
vt 0.5 0
vt 0.5 0.1875
vt 0.4375 0.1875
vt 0.375 0
vt 0.4375 0
vt 0.4375 0.1875
vt 0.375 0.1875
vt 0.375 0.25
vt 0.3125 0.25
vt 0.3125 0.1875
vt 0.375 0.1875
vt 0.4375 0.1875
vt 0.375 0.1875
vt 0.375 0.25
vt 0.4375 0.25
vt 0.625 0.75
vt 0.75 0.75
vt 0.75 0.875
vt 0.625 0.875
vt 0.5 0.75
vt 0.625 0.75
vt 0.625 0.875
vt 0.5 0.875
vt 0.875 0.75
vt 1 0.75
vt 1 0.875
vt 0.875 0.875
vt 0.75 0.75
vt 0.875 0.75
vt 0.875 0.875
vt 0.75 0.875
vt 0.75 1
vt 0.625 1
vt 0.625 0.875
vt 0.75 0.875
vt 0.875 0.875
vt 0.75 0.875
vt 0.75 1
vt 0.875 1
vn 0.08073934688979235 0.32579021613544445 0.9419882658155728
vn -0.5654078086850162 -0.7633347359656258 0.3124645431825769
vn -0.08074035850213372 -0.325789528659924 -0.9419884168738444
vn 0.565408321658046 0.7633343873576118 -0.3124644665833398
vn -0.8208499848813887 0.5578362046025016 -0.1225727178245643
vn 0.8208498462740557 -0.5578363917305745 0.12257279442385333
vn -0.29096497834172597 -0.2794421783364541 -0.9150144536263767
vn -0.17303759081974185 -0.9252511276737584 0.3375919769510797
vn 0.29096482078795216 0.2794432273143822 0.9150141833720161
vn 0.17303776983419641 0.9252512995987535 -0.3375914139927516
vn 0.9409564700059385 -0.2565597090648971 -0.22085750437442478
vn -0.9409553889809478 0.256560054860466 0.22086170831021903
vn -0.07952742634101019 0.1766221128270116 0.9810606595517413
vn -0.04295719886582022 -0.9838707768697939 0.17364611566986143
vn 0.07952729798673297 -0.17662272780524338 -0.9810605592406436
vn 0.04295753182841473 0.9838701574437333 -0.1736495429042477
vn -0.9959066243763498 0.0283349691818645 -0.08583195817856483
vn 0.9959067844969814 -0.028331503092021183 0.08583124445928814
vn 0.00757428429024088 0.17348245945764595 0.9848078322586682
vn -0.04295734529716275 -0.9838709285749623 0.17364521988831774
vn -0.007574299845200538 -0.17348281573060256 -0.9848077693783883
vn 0.04295600360765269 0.9838702732519301 -0.1736492647989958
vn -0.999048270001003 0.043618278309024365 -0.0000023150641703746036
vn 0.9990481865952089 -0.04362018861374802 0.000002475052816778949
vn -0.2909643392357067 -0.27944202484186104 -0.9150147037318086
vn -0.17303884099941955 -0.925251567383603 0.3375901310165385
vn 0.29096414582053504 0.2794409906266609 0.9150150810803706
vn 0.1730366033127033 0.9252508496790367 -0.3375932450186513
vn 0.9409557412785242 -0.2565607507100353 -0.22085939905307678
vn -0.9409552650969634 0.2565619870202558 0.2208599916293621
vn 0.1434064442699683 0.29215402739964974 0.9455583620358974
vn -0.041600508710873396 -0.9528090570046256 0.300706332764963
vn -0.14340658413044802 -0.2921572307245635 -0.9455573510704632
vn 0.04160066203752125 0.9528093693704557 -0.3007053217984587
vn -0.9887891992775996 0.0824583891657832 0.12448507319412931
vn 0.9887892176902271 -0.08245796743985785 -0.12448520629069261
vn -0.2629587186795935 0.2882260899170484 0.9207488438013465
vn -0.4698672155069576 -0.8717715424329856 0.13870536253422783
vn 0.26295839484409195 -0.2882259376735222 -0.9207489839436357
vn 0.4698672155069576 0.8717715424329856 -0.13870536253422774
vn -0.8426597934546834 0.3961579826187271 -0.3646687884949445
vn 0.8426601213286667 -0.39615614445055114 0.3646700277462231
vn -0.26295786773569135 0.28822797696804137 0.9207484961099903
vn -0.4698672943382457 -0.8717719114191205 0.13870277636698533
vn 0.26295766983695024 -0.2882290037103862 -0.9207482312196098
vn 0.46986760261390037 0.8717712562816462 -0.13870584967832525
vn -0.8426610575213487 0.396156422623009 -0.3646675622420266
vn 0.8426603115743628 -0.39615780662036243 0.3646677824419665
vn -0.07952755725845963 0.17662393911265747 0.9810603201479666
vn -0.04295670271320243 -0.9838705061246795 0.17364777243021806
vn 0.07952755725845963 -0.17662393911265747 -0.9810603201479666
vn 0.04295670271320248 0.9838705061246795 -0.17364777243021828
vn -0.9959066626385237 0.028332500905611693 -0.08583232901786753
vn 0.9959066626385236 -0.028332500905611683 0.08583232901786748
vn 0.007574298621404828 0.17348337864532723 0.9848076702251034
vn -0.04295712419541527 -0.9838704188740826 0.17364816251661586
vn -0.007574530154770265 -0.17348336853627286 -0.984807670225127
vn 0.042955920972008864 0.9838704714082444 -0.17364816251364698
vn -0.9990482092047308 0.04361967083209067 -0.0000011491699077716641
vn 0.9990481858236183 -0.04362020629194395 -0.0000023632958457957938
vn 0.14340644489357485 0.2921536548407028 0.9455584770526917
vn -0.04160020181617108 -0.9528090669579177 0.30070634368372756
vn -0.1434069874111578 -0.29215722645578573 -0.9455572912263533
vn 0.04160037430879903 0.9528094183697214 -0.3007052063455524
vn -0.9887888593800888 0.08245932052889463 0.12448715605931455
vn 0.9887889411172691 -0.08245843544534291 -0.12448709309842552
vn 0.08073889659765417 0.32579077139329593 0.9419881123725261
vn -0.565408190109719 -0.7633339384068228 0.3124658013818167
vn -0.0807399437557741 -0.3257893951053372 -0.9419884986130207
vn 0.565408755653834 0.7633340706432867 -0.3124644549786951
vn -0.8208504438638056 0.5578352521861913 -0.12257397858828674
vn 0.8208497599362072 -0.5578361755286315 0.12257435655250595
usemtl none
f 1/1/1 2/2/1 3/3/1 4/4/1
f 5/5/2 1/6/2 4/7/2 6/8/2
f 7/9/3 5/10/3 6/11/3 8/12/3
f 2/13/4 7/14/4 8/15/4 3/16/4
f 8/17/5 6/18/5 4/19/5 3/20/5
f 2/21/6 1/22/6 5/23/6 7/24/6
f 9/25/7 10/26/7 11/27/7 12/28/7
f 13/29/8 9/30/8 12/31/8 14/32/8
f 15/33/9 13/34/9 14/35/9 16/36/9
f 10/37/10 15/38/10 16/39/10 11/40/10
f 16/41/11 14/42/11 12/43/11 11/44/11
f 10/45/12 9/46/12 13/47/12 15/48/12
f 17/49/13 18/50/13 19/51/13 20/52/13
f 21/53/14 17/54/14 20/55/14 22/56/14
f 23/57/15 21/58/15 22/59/15 24/60/15
f 18/61/16 23/62/16 24/63/16 19/64/16
f 24/65/17 22/66/17 20/67/17 19/68/17
f 18/69/18 17/70/18 21/71/18 23/72/18
f 25/73/19 26/74/19 27/75/19 28/76/19
f 29/77/20 25/78/20 28/79/20 30/80/20
f 31/81/21 29/82/21 30/83/21 32/84/21
f 26/85/22 31/86/22 32/87/22 27/88/22
f 32/89/23 30/90/23 28/91/23 27/92/23
f 26/93/24 25/94/24 29/95/24 31/96/24
f 33/97/25 34/98/25 35/99/25 36/100/25
f 37/101/26 33/102/26 36/103/26 38/104/26
f 39/105/27 37/106/27 38/107/27 40/108/27
f 34/109/28 39/110/28 40/111/28 35/112/28
f 40/113/29 38/114/29 36/115/29 35/116/29
f 34/117/30 33/118/30 37/119/30 39/120/30
f 41/121/31 42/122/31 43/123/31 44/124/31
f 45/125/32 41/126/32 44/127/32 46/128/32
f 47/129/33 45/130/33 46/131/33 48/132/33
f 42/133/34 47/134/34 48/135/34 43/136/34
f 48/137/35 46/138/35 44/139/35 43/140/35
f 42/141/36 41/142/36 45/143/36 47/144/36
f 49/145/37 50/146/37 51/147/37 52/148/37
f 53/149/38 49/150/38 52/151/38 54/152/38
f 55/153/39 53/154/39 54/155/39 56/156/39
f 50/157/40 55/158/40 56/159/40 51/160/40
f 56/161/41 54/162/41 52/163/41 51/164/41
f 50/165/42 49/166/42 53/167/42 55/168/42
f 57/169/43 58/170/43 59/171/43 60/172/43
f 61/173/44 57/174/44 60/175/44 62/176/44
f 63/177/45 61/178/45 62/179/45 64/180/45
f 58/181/46 63/182/46 64/183/46 59/184/46
f 64/185/47 62/186/47 60/187/47 59/188/47
f 58/189/48 57/190/48 61/191/48 63/192/48
f 65/193/49 66/194/49 67/195/49 68/196/49
f 69/197/50 65/198/50 68/199/50 70/200/50
f 71/201/51 69/202/51 70/203/51 72/204/51
f 66/205/52 71/206/52 72/207/52 67/208/52
f 72/209/53 70/210/53 68/211/53 67/212/53
f 66/213/54 65/214/54 69/215/54 71/216/54
f 73/217/55 74/218/55 75/219/55 76/220/55
f 77/221/56 73/222/56 76/223/56 78/224/56
f 79/225/57 77/226/57 78/227/57 80/228/57
f 74/229/58 79/230/58 80/231/58 75/232/58
f 80/233/59 78/234/59 76/235/59 75/236/59
f 74/237/60 73/238/60 77/239/60 79/240/60
f 81/241/61 82/242/61 83/243/61 84/244/61
f 85/245/62 81/246/62 84/247/62 86/248/62
f 87/249/63 85/250/63 86/251/63 88/252/63
f 82/253/64 87/254/64 88/255/64 83/256/64
f 88/257/65 86/258/65 84/259/65 83/260/65
f 82/261/66 81/262/66 85/263/66 87/264/66
f 89/265/67 90/266/67 91/267/67 92/268/67
f 93/269/68 89/270/68 92/271/68 94/272/68
f 95/273/69 93/274/69 94/275/69 96/276/69
f 90/277/70 95/278/70 96/279/70 91/280/70
f 96/281/71 94/282/71 92/283/71 91/284/71
f 90/285/72 89/286/72 93/287/72 95/288/72