# Made in Blockbench 4.2.5
mtllib frame.mtl

o drivetrain1
v -0.000884559535427154 0.17546330283613176 1.6192780367732234
v 0.0169498097041759 0.12366722258625125 1.0594518571919418
v -0.013428183615624752 0.08291556263086189 1.6274411108162883
v 0.0044061856239782995 0.03111948238098139 1.0676149312350067
v -0.07590968019132191 0.1358924063556851 1.0553625396264414
v -0.09374404943092497 0.1876884866055656 1.615188719207723
v -0.08845330427151951 0.043344666150415254 1.0635256136695064
v -0.10628767351112257 0.09514074640029577 1.6233517932507882
vt 0.5625 0.9375
vt 0.9375 0.9375
vt 0.9375 0.5625
vt 0.5625 0.5625
vt 0.5625 0.9375
vt 0.9375 0.9375
vt 0.9375 0.5625
vt 0.5625 0.5625
vt 0.5625 0.9375
vt 0.9375 0.9375
vt 0.9375 0.5625
vt 0.5625 0.5625
vt 0.5625 0.9375
vt 0.9375 0.9375
vt 0.9375 0.5625
vt 0.5625 0.5625
vt 0.5625 0.9375
vt 0.9375 0.9375
vt 0.9375 0.5625
vt 0.5625 0.5625
vt 0.5625 0.9375
vt 0.9375 0.9375
vt 0.9375 0.5625
vt 0.5625 0.5625
vn 0.03170554531484986 -0.09208192044423201 -0.9952465414778341
vn 0.9905012255519767 -0.13040196020729464 0.04361938736533595
vn -0.03170554531484986 0.09208192044423201 0.9952465414778341
vn -0.9905012255519767 0.13040196020729464 -0.04361938736533595
vn 0.13379865685544115 0.9871758955228788 -0.08707278979269381
vn -0.13379865685544115 -0.9871758955228788 0.08707278979269381
usemtl m_0
f 4/4/1 7/3/1 5/2/1 2/1/1
f 3/8/2 4/7/2 2/6/2 1/5/2
f 8/12/3 3/11/3 1/10/3 6/9/3
f 7/16/4 8/15/4 6/14/4 5/13/4
f 6/20/5 1/19/5 2/18/5 5/17/5
f 7/24/6 4/23/6 3/22/6 8/21/6
o drivetrain2
v 0.10444033052496271 0.11214887700497256 -0.9617017688531421
v 0.1265637954342773 0.14494881386968986 -1.366020676328512
v 0.09260342323296285 0.019508095769449514 -0.9698648428962071
v 0.11472688814227743 0.05230803263416681 -1.3741837503715773
v 0.03370430553877947 0.1571739976391237 -1.3701099938940124
v 0.011580840629464892 0.12437406077440644 -0.9657910864186423
v 0.021867398246779603 0.06453321640360067 -1.3782730679370774
v -0.00025606666253497057 0.03173327953888338 -0.9739541604617074
vt 0.5625 0.9375
vt 0.9375 0.9375
vt 0.9375 0.5625
vt 0.5625 0.5625
vt 0.5625 0.9375
vt 0.9375 0.9375
vt 0.9375 0.5625
vt 0.5625 0.5625
vt 0.5625 0.9375
vt 0.9375 0.9375
vt 0.9375 0.5625
vt 0.5625 0.5625
vt 0.5625 0.9375
vt 0.9375 0.9375
vt 0.9375 0.5625
vt 0.5625 0.5625
vt 0.5625 0.9375
vt 0.9375 0.9375
vt 0.9375 0.5625
vt 0.5625 0.5625
vt 0.5625 0.9375
vt 0.9375 0.9375
vt 0.9375 0.5625
vt 0.5625 0.5625
vn 0.054457759776774334 0.08073830612853487 -0.9952465414778341
vn 0.9905012255519768 -0.13040196020729464 0.04361938736533596
vn -0.054457759776774334 -0.08073830612853487 0.9952465414778341
vn -0.9905012255519768 0.13040196020729464 -0.04361938736533596
vn 0.1262603444479985 0.9881683331789126 0.08707278979269382
vn -0.1262603444479985 -0.9881683331789126 -0.08707278979269382
usemtl m_0
f 12/28/7 15/27/7 13/26/7 10/25/7
f 11/32/8 12/31/8 10/30/8 9/29/8
f 16/36/9 11/35/9 9/34/9 14/33/9
f 15/40/10 16/39/10 14/38/10 13/37/10
f 14/44/11 9/43/11 10/42/11 13/41/11
f 15/48/12 12/47/12 11/46/12 16/45/12
o drivetrain2
v 0.030298550570510518 0.10632991270756853 0.704500439582494
v 0.09516787675996458 0.09778970389791541 -0.7940718927902928
v 0.01806172004988064 0.013381956953773817 0.704500439582494
v 0.0829310462393347 0.004841748144120701 -0.7940718927902928
v 0.0023083868644667577 0.11001488766734929 -0.7981612103557931
v -0.0625609393249873 0.11855509647700241 0.7004111220169936
v -0.009928443656163119 0.017066931913554566 -0.7981612103557931
v -0.07479776984561717 0.02560714072320768 0.7004111220169936
vt 0.5625 0.9375
vt 0.9375 0.9375
vt 0.9375 0.5625
vt 0.5625 0.5625
vt 0.5625 0.9375
vt 0.9375 0.9375
vt 0.9375 0.5625
vt 0.5625 0.5625
vt 0.5625 0.9375
vt 0.9375 0.9375
vt 0.9375 0.5625
vt 0.5625 0.5625
vt 0.5625 0.9375
vt 0.9375 0.9375
vt 0.9375 0.5625
vt 0.5625 0.5625
vt 0.5625 0.9375
vt 0.9375 0.9375
vt 0.9375 0.5625
vt 0.5625 0.5625
vt 0.5625 0.9375
vt 0.9375 0.9375
vt 0.9375 0.5625
vt 0.5625 0.5625
vn 0.043246217459636055 -0.005693472539768748 -0.9990482215818579
vn 0.9905012255519768 -0.13040196020729464 0.04361938736533596
vn -0.043246217459636055 0.005693472539768748 0.9990482215818579
vn -0.9905012255519768 0.13040196020729464 -0.04361938736533596
vn 0.13052619222005193 0.9914448613738104 0
vn -0.13052619222005193 -0.9914448613738104 0
usemtl m_0
f 20/52/13 23/51/13 21/50/13 18/49/13
f 19/56/14 20/55/14 18/54/14 17/53/14
f 24/60/15 19/59/15 17/58/15 22/57/15
f 23/64/16 24/63/16 22/62/16 21/61/16
f 22/68/17 17/67/17 18/66/17 21/65/17
f 23/72/18 20/71/18 19/70/18 24/69/18
o frame
v 0.8404830723137284 0.0784662344587481 1.2089265986109088
v 0.9296783958242277 0.06672344734547507 -0.851610358401673
v 0.8323251852999751 0.016500930622884956 1.2089265986109088
v 0.9215205088104745 0.004758143509611915 -0.851610358401673
v 0.8677720692272293 0.07487356985843098 -0.8543365701120065
v 0.7785767457167299 0.08661635697170403 1.206200386900575
v 0.859614182213476 0.012908266022567831 -0.8543365701120065
v 0.7704188587029767 0.024651053135840872 1.206200386900575
vt 0.0625 0.9375
vt 0.4375 0.9375
vt 0.4375 0.5625
vt 0.0625 0.5625
vt 0.0625 0.9375
vt 0.4375 0.9375
vt 0.4375 0.5625
vt 0.0625 0.5625
vt 0.0625 0.9375
vt 0.4375 0.9375
vt 0.4375 0.5625
vt 0.0625 0.5625
vt 0.0625 0.9375
vt 0.4375 0.9375
vt 0.4375 0.5625
vt 0.0625 0.5625
vt 0.0625 0.9375
vt 0.4375 0.9375
vt 0.4375 0.5625
vt 0.0625 0.5625
vt 0.0625 0.9375
vt 0.4375 0.9375
vt 0.4375 0.5625
vt 0.0625 0.5625
vn 0.043246217459636055 -0.005693472539768748 -0.9990482215818579
vn 0.9905012255519768 -0.13040196020729464 0.04361938736533596
vn -0.043246217459636055 0.005693472539768748 0.9990482215818579
vn -0.9905012255519768 0.13040196020729464 -0.04361938736533596
vn 0.13052619222005193 0.9914448613738104 0
vn -0.13052619222005193 -0.9914448613738104 0
usemtl m_0
f 28/76/19 31/75/19 29/74/19 26/73/19
f 27/80/20 28/79/20 26/78/20 25/77/20
f 32/84/21 27/83/21 25/82/21 30/81/21
f 31/88/22 32/87/22 30/86/22 29/85/22
f 30/92/23 25/91/23 26/90/23 29/89/23
f 31/96/24 28/95/24 27/94/24 32/93/24
o frame
v 0.1945317104668559 0.16350734456586885 1.5245578773621904
v 0.21615481919667393 0.16066060829598447 1.0250337665712614
v 0.18637382345310266 0.1015420407300057 1.5245578773621904
v 0.20799693218292067 0.09869530446012131 1.0250337665712614
v 0.15424849259967538 0.16881073080894038 1.022307554860928
v 0.13262538386985737 0.17165746707882476 1.5218316656518567
v 0.14609060558592213 0.10684542697307722 1.022307554860928
v 0.12446749685610412 0.1096921632429616 1.5218316656518567
vt 0.0625 0.9375
vt 0.4375 0.9375
vt 0.4375 0.5625
vt 0.0625 0.5625
vt 0.0625 0.9375
vt 0.4375 0.9375
vt 0.4375 0.5625
vt 0.0625 0.5625
vt 0.0625 0.9375
vt 0.4375 0.9375
vt 0.4375 0.5625
vt 0.0625 0.5625
vt 0.0625 0.9375
vt 0.4375 0.9375
vt 0.4375 0.5625
vt 0.0625 0.5625
vt 0.0625 0.9375
vt 0.4375 0.9375
vt 0.4375 0.5625
vt 0.0625 0.5625
vt 0.0625 0.9375
vt 0.4375 0.9375
vt 0.4375 0.5625
vt 0.0625 0.5625
vn 0.043246217459636055 -0.005693472539768748 -0.9990482215818579
vn 0.9905012255519768 -0.13040196020729464 0.04361938736533596
vn -0.043246217459636055 0.005693472539768748 0.9990482215818579
vn -0.9905012255519768 0.13040196020729464 -0.04361938736533596
vn 0.13052619222005193 0.9914448613738104 0
vn -0.13052619222005193 -0.9914448613738104 0
usemtl m_0
f 36/100/25 39/99/25 37/98/25 34/97/25
f 35/104/26 36/103/26 34/102/26 33/101/26
f 40/108/27 35/107/27 33/106/27 38/105/27
f 39/112/28 40/111/28 38/110/28 37/109/28
f 38/116/29 33/115/29 34/114/29 37/113/29
f 39/120/30 36/119/30 35/118/30 40/117/30
o frame
v -0.21476815846185965 0.21739269457252813 1.5065332560181497
v -0.19314504973204163 0.21454595830264375 1.0070091452272207
v -0.2229260454756129 0.15542739073666498 1.5065332560181497
v -0.20130293674579489 0.1525806544667806 1.0070091452272207
v -0.2550513763290402 0.22269608081559966 1.0042829335168872
v -0.27667448505885817 0.22554281708548404 1.503807044307816
v -0.26320926334279343 0.1607307769797365 1.0042829335168872
v -0.2848323720726115 0.1635775132496209 1.503807044307816
vt 0.0625 0.9375
vt 0.4375 0.9375
vt 0.4375 0.5625
vt 0.0625 0.5625
vt 0.0625 0.9375
vt 0.4375 0.9375
vt 0.4375 0.5625
vt 0.0625 0.5625
vt 0.0625 0.9375
vt 0.4375 0.9375
vt 0.4375 0.5625
vt 0.0625 0.5625
vt 0.0625 0.9375
vt 0.4375 0.9375
vt 0.4375 0.5625
vt 0.0625 0.5625
vt 0.0625 0.9375
vt 0.4375 0.9375
vt 0.4375 0.5625
vt 0.0625 0.5625
vt 0.0625 0.9375
vt 0.4375 0.9375
vt 0.4375 0.5625
vt 0.0625 0.5625
vn 0.043246217459636055 -0.005693472539768748 -0.9990482215818579
vn 0.9905012255519768 -0.13040196020729464 0.04361938736533596
vn -0.043246217459636055 0.005693472539768748 0.9990482215818579
vn -0.9905012255519768 0.13040196020729464 -0.04361938736533596
vn 0.13052619222005193 0.9914448613738104 0
vn -0.13052619222005193 -0.9914448613738104 0
usemtl m_0
f 44/124/31 47/123/31 45/122/31 42/121/31
f 43/128/32 44/127/32 42/126/32 41/125/32
f 48/132/33 43/131/33 41/130/33 46/129/33
f 47/136/34 48/135/34 46/134/34 45/133/34
f 46/140/35 41/139/35 42/138/35 45/137/35
f 47/144/36 44/143/36 43/142/36 48/141/36
o frame
v 0.8596634034535474 0.07594109595963765 -0.6670150285654082
v 0.8623662920447747 0.0755852539259021 -0.7294555424142742
v 0.8515055164397942 0.013975792123774491 -0.6670150285654082
v 0.8542084050310215 0.013619950090038947 -0.7294555424142742
v -0.7471981994771875 0.2874884392627558 -0.8003370468829452
v -0.7499010880684147 0.2878442812964914 -0.7378965330340791
v -0.7553560864909408 0.2255231354268927 -0.8003370468829452
v -0.758058975082168 0.22587897746062827 -0.7378965330340791
vt 0.0625 0.9375
vt 0.4375 0.9375
vt 0.4375 0.5625
vt 0.0625 0.5625
vt 0.0625 0.9375
vt 0.4375 0.9375
vt 0.4375 0.5625
vt 0.0625 0.5625
vt 0.0625 0.9375
vt 0.4375 0.9375
vt 0.4375 0.5625
vt 0.0625 0.5625
vt 0.0625 0.9375
vt 0.4375 0.9375
vt 0.4375 0.5625
vt 0.0625 0.5625
vt 0.0625 0.9375
vt 0.4375 0.9375
vt 0.4375 0.5625
vt 0.0625 0.5625
vt 0.0625 0.9375
vt 0.4375 0.9375
vt 0.4375 0.5625
vt 0.0625 0.5625
vn 0.043246217459636055 -0.005693472539768748 -0.9990482215818579
vn 0.9905012255519768 -0.13040196020729464 0.04361938736533596
vn -0.043246217459636055 0.005693472539768748 0.9990482215818579
vn -0.9905012255519768 0.13040196020729464 -0.04361938736533596
vn 0.13052619222005193 0.9914448613738104 0
vn -0.13052619222005193 -0.9914448613738104 0
usemtl m_0
f 52/148/37 55/147/37 53/146/37 50/145/37
f 51/152/38 52/151/38 50/150/38 49/149/38
f 56/156/39 51/155/39 49/154/39 54/153/39
f 55/160/40 56/159/40 54/158/40 53/157/40
f 54/164/41 49/163/41 50/162/41 53/161/41
f 55/168/42 52/167/42 51/166/42 56/165/42
o frame
v 0.6735248274734233 0.03740739434852276 -0.6748528872326169
v 0.6762277160646506 0.03705155231478722 -0.737293401081483
v 0.6643472045829508 -0.03230357246682328 -0.6748528872326169
v 0.6670500931741781 -0.03265941450055883 -0.737293401081483
v 0.5988448078184023 0.04723920545598211 -0.7407011657193999
v 0.5961419192271751 0.04759504748971766 -0.6782606518705339
v 0.58966718492793 -0.02247176135936393 -0.7407011657193999
v 0.5869642963367028 -0.022115919325628383 -0.6782606518705339
vt 0.0625 0.9375
vt 0.4375 0.9375
vt 0.4375 0.5625
vt 0.0625 0.5625
vt 0.0625 0.9375
vt 0.4375 0.9375
vt 0.4375 0.5625
vt 0.0625 0.5625
vt 0.0625 0.9375
vt 0.4375 0.9375
vt 0.4375 0.5625
vt 0.0625 0.5625
vt 0.0625 0.9375
vt 0.4375 0.9375
vt 0.4375 0.5625
vt 0.0625 0.5625
vt 0.0625 0.9375
vt 0.4375 0.9375
vt 0.4375 0.5625
vt 0.0625 0.5625
vt 0.0625 0.9375
vt 0.4375 0.9375
vt 0.4375 0.5625
vt 0.0625 0.5625
vn 0.043246217459636055 -0.005693472539768748 -0.9990482215818579
vn 0.9905012255519768 -0.13040196020729464 0.04361938736533596
vn -0.043246217459636055 0.005693472539768748 0.9990482215818579
vn -0.9905012255519768 0.13040196020729464 -0.04361938736533596
vn 0.13052619222005193 0.9914448613738104 0
vn -0.13052619222005193 -0.9914448613738104 0
usemtl m_0
f 60/172/43 63/171/43 61/170/43 58/169/43
f 59/176/44 60/175/44 58/174/44 57/173/44
f 64/180/45 59/179/45 57/178/45 62/177/45
f 63/184/46 64/183/46 62/182/46 61/181/46
f 62/188/47 57/187/47 58/186/47 61/185/47
f 63/192/48 60/191/48 59/190/48 64/189/48
o frame
v 0.7839825228991844 0.08590467290423297 1.081319359202843
v 0.7866854114904116 0.08554883087049742 1.018878845353977
v 0.7758246358854312 0.023939369068369812 1.081319359202843
v 0.7785275244766584 0.023583527034634268 1.018878845353977
v -0.8228790800315505 0.2974520162073512 0.947997340885306
v -0.8255819686227778 0.2978078582410867 1.010437854734172
v -0.8310369670453038 0.23548671237148802 0.947997340885306
v -0.8337398556365311 0.2358425544052236 1.010437854734172
vt 0.0625 0.9375
vt 0.4375 0.9375
vt 0.4375 0.5625
vt 0.0625 0.5625
vt 0.0625 0.9375
vt 0.4375 0.9375
vt 0.4375 0.5625
vt 0.0625 0.5625
vt 0.0625 0.9375
vt 0.4375 0.9375
vt 0.4375 0.5625
vt 0.0625 0.5625
vt 0.0625 0.9375
vt 0.4375 0.9375
vt 0.4375 0.5625
vt 0.0625 0.5625
vt 0.0625 0.9375
vt 0.4375 0.9375
vt 0.4375 0.5625
vt 0.0625 0.5625
vt 0.0625 0.9375
vt 0.4375 0.9375
vt 0.4375 0.5625
vt 0.0625 0.5625
vn 0.043246217459636055 -0.005693472539768748 -0.9990482215818579
vn 0.9905012255519768 -0.13040196020729464 0.04361938736533596
vn -0.043246217459636055 0.005693472539768748 0.9990482215818579
vn -0.9905012255519768 0.13040196020729464 -0.04361938736533596
vn 0.13052619222005193 0.9914448613738104 0
vn -0.13052619222005193 -0.9914448613738104 0
usemtl m_0
f 68/196/49 71/195/49 69/194/49 66/193/49
f 67/200/50 68/199/50 66/198/50 65/197/50
f 72/204/51 67/203/51 65/202/51 70/201/51
f 71/208/52 72/207/52 70/206/52 69/205/52
f 70/212/53 65/211/53 66/210/53 69/209/53
f 71/216/54 68/215/54 67/214/54 72/213/54
o frame
v 0.47403129372506314 0.06367121631902992 1.0680290771149672
v 0.4767341823162904 0.06331537428529438 1.0055885632661012
v 0.4648536708345908 -0.006039750496316128 1.0680290771149672
v 0.46755655942581803 -0.006395592530051675 1.0055885632661012
v 0.3993512740700422 0.07350302742648926 1.002180798628184
v 0.3966483854788149 0.0738588694602248 1.0646213124770503
v 0.3901736511795698 0.003792060611143213 1.002180798628184
v 0.38747076258834257 0.004147902644878759 1.0646213124770503
vt 0.0625 0.9375
vt 0.4375 0.9375
vt 0.4375 0.5625
vt 0.0625 0.5625
vt 0.0625 0.9375
vt 0.4375 0.9375
vt 0.4375 0.5625
vt 0.0625 0.5625
vt 0.0625 0.9375
vt 0.4375 0.9375
vt 0.4375 0.5625
vt 0.0625 0.5625
vt 0.0625 0.9375
vt 0.4375 0.9375
vt 0.4375 0.5625
vt 0.0625 0.5625
vt 0.0625 0.9375
vt 0.4375 0.9375
vt 0.4375 0.5625
vt 0.0625 0.5625
vt 0.0625 0.9375
vt 0.4375 0.9375
vt 0.4375 0.5625
vt 0.0625 0.5625
vn 0.043246217459636055 -0.005693472539768748 -0.9990482215818579
vn 0.9905012255519768 -0.13040196020729464 0.04361938736533596
vn -0.043246217459636055 0.005693472539768748 0.9990482215818579
vn -0.9905012255519768 0.13040196020729464 -0.04361938736533596
vn 0.13052619222005193 0.9914448613738104 0
vn -0.13052619222005193 -0.9914448613738104 0
usemtl m_0
f 76/220/55 79/219/55 77/218/55 74/217/55
f 75/224/56 76/223/56 74/222/56 73/221/56
f 80/228/57 75/227/57 73/226/57 78/225/57
f 79/232/58 80/231/58 78/230/58 77/229/58
f 78/236/59 73/235/59 74/234/59 77/233/59
f 79/240/60 76/239/60 75/238/60 80/237/60
o frame
v 0.22547413923058385 0.15943369653770395 1.0880037107342746
v 0.2416914707779474 0.15729864433529067 0.7133606276410778
v 0.20100047818932398 -0.026462214969885517 1.0880037107342746
v 0.21721780973668758 -0.028597267172298796 0.7133606276410778
v -0.25355914199804086 0.22249962443893798 0.6915509339584098
v -0.26977647354540446 0.22463467664135126 1.0661940170516067
v -0.27803280303930056 0.03660371293134852 0.6915509339584098
v -0.29425013458666416 0.0387387651337618 1.0661940170516067
vt 0.0625 0.9375
vt 0.4375 0.9375
vt 0.4375 0.5625
vt 0.0625 0.5625
vt 0.0625 0.9375
vt 0.4375 0.9375
vt 0.4375 0.5625
vt 0.0625 0.5625
vt 0.0625 0.9375
vt 0.4375 0.9375
vt 0.4375 0.5625
vt 0.0625 0.5625
vt 0.0625 0.9375
vt 0.4375 0.9375
vt 0.4375 0.5625
vt 0.0625 0.5625
vt 0.0625 0.9375
vt 0.4375 0.9375
vt 0.4375 0.5625
vt 0.0625 0.5625
vt 0.0625 0.9375
vt 0.4375 0.9375
vt 0.4375 0.5625
vt 0.0625 0.5625
vn 0.043246217459636055 -0.005693472539768748 -0.9990482215818579
vn 0.9905012255519768 -0.13040196020729464 0.04361938736533596
vn -0.043246217459636055 0.005693472539768748 0.9990482215818579
vn -0.9905012255519768 0.13040196020729464 -0.04361938736533596
vn 0.13052619222005193 0.9914448613738104 0
vn -0.13052619222005193 -0.9914448613738104 0
usemtl m_0
f 84/244/61 87/243/61 85/242/61 82/241/61
f 83/248/62 84/247/62 82/246/62 81/245/62
f 88/252/63 83/251/63 81/250/63 86/249/63
f 87/256/64 88/255/64 86/254/64 85/253/64
f 86/260/65 81/259/65 82/258/65 85/257/65
f 87/264/66 84/263/66 83/262/66 88/261/66
o frame
v 0.30588507481959465 0.14884739603407143 -0.7696015762694923
v 0.3146694627410832 0.1476909094244309 -0.9725332462783072
v 0.2814114137783348 -0.037048515473518034 -0.7696015762694923
v 0.2901958016998234 -0.03820500208315855 -0.9725332462783072
v -0.18058115003490505 0.2128918895280782 -0.9943429399609751
v -0.18936553795639366 0.21404837613771874 -0.7914112699521604
v -0.20505481107616474 0.02699597802048876 -0.9943429399609751
v -0.21383919899765336 0.028152464630129288 -0.7914112699521604
vt 0.0625 0.9375
vt 0.4375 0.9375
vt 0.4375 0.5625
vt 0.0625 0.5625
vt 0.0625 0.9375
vt 0.4375 0.9375
vt 0.4375 0.5625
vt 0.0625 0.5625
vt 0.0625 0.9375
vt 0.4375 0.9375
vt 0.4375 0.5625
vt 0.0625 0.5625
vt 0.0625 0.9375
vt 0.4375 0.9375
vt 0.4375 0.5625
vt 0.0625 0.5625
vt 0.0625 0.9375
vt 0.4375 0.9375
vt 0.4375 0.5625
vt 0.0625 0.5625
vt 0.0625 0.9375
vt 0.4375 0.9375
vt 0.4375 0.5625
vt 0.0625 0.5625
vn 0.043246217459636055 -0.005693472539768748 -0.9990482215818579
vn 0.9905012255519768 -0.13040196020729464 0.04361938736533596
vn -0.043246217459636055 0.005693472539768748 0.9990482215818579
vn -0.9905012255519768 0.13040196020729464 -0.04361938736533596
vn 0.13052619222005193 0.9914448613738104 0
vn -0.13052619222005193 -0.9914448613738104 0
usemtl m_0
f 92/268/67 95/267/67 93/266/67 90/265/67
f 91/272/68 92/271/68 90/270/68 89/269/68
f 96/276/69 91/275/69 89/274/69 94/273/69
f 95/280/70 96/279/70 94/278/70 93/277/70
f 94/284/71 89/283/71 90/282/71 93/281/71
f 95/288/72 92/287/72 91/286/72 96/285/72
o frame
v 0.8218229631763659 0.08092288443193534 0.20715216531871739
v 0.8245258517675932 0.08056704239819978 0.14471165146985132
v 0.8136650761626127 0.01895758059607218 0.20715216531871739
v 0.81636796475384 0.018601738562336635 0.14471165146985132
v -0.7850386397543689 0.2924702277350535 0.0738301470011804
v -0.7877415283455962 0.2928260697687891 0.13627066085004647
v -0.7931965267681222 0.2305049238991904 0.0738301470011804
v -0.7958994153593495 0.23086076593292595 0.13627066085004647
vt 0.0625 0.9375
vt 0.4375 0.9375
vt 0.4375 0.5625
vt 0.0625 0.5625
vt 0.0625 0.9375
vt 0.4375 0.9375
vt 0.4375 0.5625
vt 0.0625 0.5625
vt 0.0625 0.9375
vt 0.4375 0.9375
vt 0.4375 0.5625
vt 0.0625 0.5625
vt 0.0625 0.9375
vt 0.4375 0.9375
vt 0.4375 0.5625
vt 0.0625 0.5625
vt 0.0625 0.9375
vt 0.4375 0.9375
vt 0.4375 0.5625
vt 0.0625 0.5625
vt 0.0625 0.9375
vt 0.4375 0.9375
vt 0.4375 0.5625
vt 0.0625 0.5625
vn 0.043246217459636055 -0.005693472539768748 -0.9990482215818579
vn 0.9905012255519768 -0.13040196020729464 0.04361938736533596
vn -0.043246217459636055 0.005693472539768748 0.9990482215818579
vn -0.9905012255519768 0.13040196020729464 -0.04361938736533596
vn 0.13052619222005193 0.9914448613738104 0
vn -0.13052619222005193 -0.9914448613738104 0
usemtl m_0
f 100/292/73 103/291/73 101/290/73 98/289/73
f 99/296/74 100/295/74 98/294/74 97/293/74
f 104/300/75 99/299/75 97/298/75 102/297/75
f 103/304/76 104/303/76 102/302/76 101/301/76
f 102/308/77 97/307/77 98/306/77 101/305/77
f 103/312/78 100/311/78 99/310/78 104/309/78
o frame
v 0.5118717340022447 0.058689427846732284 0.19386188323084164
v 0.514574622593472 0.05833358581299674 0.13142136938197557
v 0.5026941111117724 -0.01102153896861376 0.19386188323084164
v 0.5053969997029997 -0.011377381002349307 0.13142136938197557
v 0.43719171434722376 0.06852123895419163 0.12801360474405865
v 0.4344888257559965 0.06887708098792716 0.19045411859292471
v 0.4280140914567514 -0.0011897278611544193 0.12801360474405865
v 0.42531120286552415 -0.0008338858274188734 0.19045411859292471
vt 0.0625 0.9375
vt 0.4375 0.9375
vt 0.4375 0.5625
vt 0.0625 0.5625
vt 0.0625 0.9375
vt 0.4375 0.9375
vt 0.4375 0.5625
vt 0.0625 0.5625
vt 0.0625 0.9375
vt 0.4375 0.9375
vt 0.4375 0.5625
vt 0.0625 0.5625
vt 0.0625 0.9375
vt 0.4375 0.9375
vt 0.4375 0.5625
vt 0.0625 0.5625
vt 0.0625 0.9375
vt 0.4375 0.9375
vt 0.4375 0.5625
vt 0.0625 0.5625
vt 0.0625 0.9375
vt 0.4375 0.9375
vt 0.4375 0.5625
vt 0.0625 0.5625
vn 0.043246217459636055 -0.005693472539768748 -0.9990482215818579
vn 0.9905012255519768 -0.13040196020729464 0.04361938736533596
vn -0.043246217459636055 0.005693472539768748 0.9990482215818579
vn -0.9905012255519768 0.13040196020729464 -0.04361938736533596
vn 0.13052619222005193 0.9914448613738104 0
vn -0.13052619222005193 -0.9914448613738104 0
usemtl m_0
f 108/316/79 111/315/79 109/314/79 106/313/79
f 107/320/80 108/319/80 106/318/80 105/317/80
f 112/324/81 107/323/81 105/322/81 110/321/81
f 111/328/82 112/327/82 110/326/82 109/325/82
f 110/332/83 105/331/83 106/330/83 109/329/83
f 111/336/84 108/335/84 107/334/84 112/333/84
o frame
v -0.8309877458052324 0.29851954230855776 1.1353188824319043
v -0.7417924222947331 0.2867767551952847 -0.9252180745806775
v -0.8391456328189857 0.2365542384726946 1.1353188824319043
v -0.7499503093084863 0.22481145135942154 -0.9252180745806775
v -0.8036987488917315 0.2949268777082406 -0.927944286291011
v -0.892894072402231 0.30666966482151364 1.1325926707215705
v -0.8118566359054848 0.23296157387237748 -0.927944286291011
v -0.9010519594159841 0.24470436098565052 1.1325926707215705
vt 0.0625 0.9375
vt 0.4375 0.9375
vt 0.4375 0.5625
vt 0.0625 0.5625
vt 0.0625 0.9375
vt 0.4375 0.9375
vt 0.4375 0.5625
vt 0.0625 0.5625
vt 0.0625 0.9375
vt 0.4375 0.9375
vt 0.4375 0.5625
vt 0.0625 0.5625
vt 0.0625 0.9375
vt 0.4375 0.9375
vt 0.4375 0.5625
vt 0.0625 0.5625
vt 0.0625 0.9375
vt 0.4375 0.9375
vt 0.4375 0.5625
vt 0.0625 0.5625
vt 0.0625 0.9375
vt 0.4375 0.9375
vt 0.4375 0.5625
vt 0.0625 0.5625
vn 0.043246217459636055 -0.005693472539768748 -0.9990482215818579
vn 0.9905012255519768 -0.13040196020729464 0.04361938736533596
vn -0.043246217459636055 0.005693472539768748 0.9990482215818579
vn -0.9905012255519768 0.13040196020729464 -0.04361938736533596
vn 0.13052619222005193 0.9914448613738104 0
vn -0.13052619222005193 -0.9914448613738104 0
usemtl m_0
f 116/340/85 119/339/85 117/338/85 114/337/85
f 115/344/86 116/343/86 114/342/86 113/341/86
f 120/348/87 115/347/87 113/346/87 118/345/87
f 119/352/88 120/351/88 118/350/88 117/349/88
f 118/356/89 113/355/89 114/354/89 117/353/89
f 119/360/90 116/359/90 115/358/90 120/357/90
o frame
v 0.9296783958242277 0.06672344734547513 -0.851610358401673
v 0.786616430249741 0.08555791242311839 -1.1288012437698673
v 0.9215205088104744 0.0047581435096119735 -0.851610358401673
v 0.7784585432359878 0.02359260858725524 -1.1288012437698673
v 0.7316525344661504 0.09279404658016145 -1.0999419554426777
v 0.8747145000406371 0.07395958150251819 -0.8227510700744833
v 0.7234946474523971 0.0308287427442983 -1.0999419554426777
v 0.8665566130268838 0.011994277666655034 -0.8227510700744833
vt 0.0625 0.9375
vt 0.4375 0.9375
vt 0.4375 0.5625
vt 0.0625 0.5625
vt 0.0625 0.9375
vt 0.4375 0.9375
vt 0.4375 0.5625
vt 0.0625 0.5625
vt 0.0625 0.9375
vt 0.4375 0.9375
vt 0.4375 0.5625
vt 0.0625 0.5625
vt 0.0625 0.9375
vt 0.4375 0.9375
vt 0.4375 0.5625
vt 0.0625 0.5625
vt 0.0625 0.9375
vt 0.4375 0.9375
vt 0.4375 0.5625
vt 0.0625 0.5625
vt 0.0625 0.9375
vt 0.4375 0.9375
vt 0.4375 0.5625
vt 0.0625 0.5625
vn -0.4577982898383574 0.06027028824845847 -0.8870108331782218
vn 0.8794223325374503 -0.11577814651268904 -0.46174861323503397
vn 0.4577982898383574 -0.06027028824845847 0.8870108331782218
vn -0.8794223325374503 0.11577814651268904 0.46174861323503397
vn 0.13052619222005196 0.9914448613738105 0
vn -0.13052619222005196 -0.9914448613738105 0
usemtl m_0
f 124/364/91 127/363/91 125/362/91 122/361/91
f 123/368/92 124/367/92 122/366/92 121/365/92
f 128/372/93 123/371/93 121/370/93 126/369/93
f 127/376/94 128/375/94 126/374/94 125/373/94
f 126/380/95 121/379/95 122/378/95 125/377/95
f 127/384/96 124/383/96 123/382/96 128/381/96
o frame
v -0.7514377416993681 0.2880465855849331 -0.8943630607693345
v -0.5849680742888621 0.26613043809779685 -1.1579228875858614
v -0.7595956287131214 0.22608128174907 -0.8943630607693345
v -0.5931259613026153 0.2041651342619337 -1.1579228875858614
v -0.6372290814812255 0.27301073022110434 -1.191504113107538
v -0.8036987488917314 0.29492687770824066 -0.927944286291011
v -0.6453869684949787 0.2110454263852412 -1.191504113107538
v -0.8118566359054847 0.2329615738723775 -0.927944286291011
vt 0.0625 0.9375
vt 0.4375 0.9375
vt 0.4375 0.5625
vt 0.0625 0.5625
vt 0.0625 0.9375
vt 0.4375 0.9375
vt 0.4375 0.5625
vt 0.0625 0.5625
vt 0.0625 0.9375
vt 0.4375 0.9375
vt 0.4375 0.5625
vt 0.0625 0.5625
vt 0.0625 0.9375
vt 0.4375 0.9375
vt 0.4375 0.5625
vt 0.0625 0.5625
vt 0.0625 0.9375
vt 0.4375 0.9375
vt 0.4375 0.5625
vt 0.0625 0.5625
vt 0.0625 0.9375
vt 0.4375 0.9375
vt 0.4375 0.5625
vt 0.0625 0.5625
vn 0.5327029357136193 -0.07013167195883616 -0.8433914458128858
vn 0.8361761150778141 -0.11008467397292028 0.5372996083468238
vn -0.5327029357136193 0.07013167195883616 0.8433914458128858
vn -0.8361761150778141 0.11008467397292028 -0.5372996083468238
vn 0.13052619222005193 0.9914448613738105 6.938893903907228e-18
vn -0.13052619222005193 -0.9914448613738105 -6.938893903907228e-18
usemtl m_0
f 132/388/97 135/387/97 133/386/97 130/385/97
f 131/392/98 132/391/98 130/390/98 129/389/98
f 136/396/99 131/395/99 129/394/99 134/393/99
f 135/400/100 136/399/100 134/398/100 133/397/100
f 134/404/101 129/403/101 130/402/101 133/401/101
f 135/408/102 132/407/102 131/406/102 136/405/102
o frame
v 0.5829039882121259 0.11237716420699806 1.507972661579918
v 0.5845932935816429 0.11215476293591335 1.4689473404243767
v 0.5747461011983725 0.05041186037113492 1.507972661579918
v 0.5764354065678896 0.0501894591000502 1.4689473404243767
v 0.5226869669846443 0.12030488544886928 1.4662211287140432
v 0.5209976616151273 0.12052728671995398 1.5052464498695846
v 0.514529079970891 0.05833958161300612 1.4662211287140432
v 0.5128397746013741 0.058561982884090834 1.5052464498695846
vt 0.0625 0.9375
vt 0.4375 0.9375
vt 0.4375 0.5625
vt 0.0625 0.5625
vt 0.0625 0.9375
vt 0.4375 0.9375
vt 0.4375 0.5625
vt 0.0625 0.5625
vt 0.0625 0.9375
vt 0.4375 0.9375
vt 0.4375 0.5625
vt 0.0625 0.5625
vt 0.0625 0.9375
vt 0.4375 0.9375
vt 0.4375 0.5625
vt 0.0625 0.5625
vt 0.0625 0.9375
vt 0.4375 0.9375
vt 0.4375 0.5625
vt 0.0625 0.5625
vt 0.0625 0.9375
vt 0.4375 0.9375
vt 0.4375 0.5625
vt 0.0625 0.5625
vn 0.043246217459636055 -0.005693472539768748 -0.9990482215818579
vn 0.9905012255519768 -0.13040196020729464 0.04361938736533596
vn -0.043246217459636055 0.005693472539768748 0.9990482215818579
vn -0.9905012255519768 0.13040196020729464 -0.04361938736533596
vn 0.13052619222005193 0.9914448613738104 0
vn -0.13052619222005193 -0.9914448613738104 0
usemtl m_0
f 140/412/103 143/411/103 141/410/103 138/409/103
f 139/416/104 140/415/104 138/414/104 137/413/104
f 144/420/105 139/419/105 137/418/105 142/417/105
f 143/424/106 144/423/106 142/422/106 141/421/106
f 142/428/107 137/427/107 138/426/107 141/425/107
f 143/432/108 140/431/108 139/430/108 144/429/108
o frame
v -0.6002294320628871 0.2681396339653221 1.4558701970573815
v -0.5985401266933701 0.26791723269423734 1.4168448759018402
v -0.6083873190766405 0.2061743301294589 1.4558701970573815
v -0.6066980137071234 0.2059519288583742 1.4168448759018402
v -0.6604464532903687 0.2760673552071933 1.4141186641915067
v -0.6621357586598857 0.27628975647827797 1.453143985347048
v -0.668604340304122 0.21410205137133012 1.4141186641915067
v -0.6702936456736389 0.21432445264241484 1.453143985347048
vt 0.0625 0.9375
vt 0.4375 0.9375
vt 0.4375 0.5625
vt 0.0625 0.5625
vt 0.0625 0.9375
vt 0.4375 0.9375
vt 0.4375 0.5625
vt 0.0625 0.5625
vt 0.0625 0.9375
vt 0.4375 0.9375
vt 0.4375 0.5625
vt 0.0625 0.5625
vt 0.0625 0.9375
vt 0.4375 0.9375
vt 0.4375 0.5625
vt 0.0625 0.5625
vt 0.0625 0.9375
vt 0.4375 0.9375
vt 0.4375 0.5625
vt 0.0625 0.5625
vt 0.0625 0.9375
vt 0.4375 0.9375
vt 0.4375 0.5625
vt 0.0625 0.5625
vn 0.043246217459636055 -0.005693472539768748 -0.9990482215818579
vn 0.9905012255519768 -0.13040196020729464 0.04361938736533596
vn -0.043246217459636055 0.005693472539768748 0.9990482215818579
vn -0.9905012255519768 0.13040196020729464 -0.04361938736533596
vn 0.13052619222005193 0.9914448613738104 0
vn -0.13052619222005193 -0.9914448613738104 0
usemtl m_0
f 148/436/109 151/435/109 149/434/109 146/433/109
f 147/440/110 148/439/110 146/438/110 145/437/110
f 152/444/111 147/443/111 145/442/111 150/441/111
f 151/448/112 152/447/112 150/446/112 149/445/112
f 150/452/113 145/451/113 146/450/113 149/449/113
f 151/456/114 148/455/114 147/454/114 152/453/114
o frame
v 0.7935588610631491 0.0846439240672055 -1.0972157437323442
v 0.7979510550238934 0.08406568076238524 -1.1986815787367517
v 0.7854009740493958 0.02267862023134236 -1.0972157437323442
v 0.7897931680101401 0.022100376926522093 -1.1986815787367517
v 0.7360447284268948 0.09221580327534115 -1.2014077904470852
v 0.7316525344661505 0.09279404658016142 -1.0999419554426777
v 0.7278868414131415 0.030250499439478013 -1.2014077904470852
v 0.7234946474523973 0.030828742744298275 -1.0999419554426777
vt 0.0625 0.9375
vt 0.4375 0.9375
vt 0.4375 0.5625
vt 0.0625 0.5625
vt 0.0625 0.9375
vt 0.4375 0.9375
vt 0.4375 0.5625
vt 0.0625 0.5625
vt 0.0625 0.9375
vt 0.4375 0.9375
vt 0.4375 0.5625
vt 0.0625 0.5625
vt 0.0625 0.9375
vt 0.4375 0.9375
vt 0.4375 0.5625
vt 0.0625 0.5625
vt 0.0625 0.9375
vt 0.4375 0.9375
vt 0.4375 0.5625
vt 0.0625 0.5625
vt 0.0625 0.9375
vt 0.4375 0.9375
vt 0.4375 0.5625
vt 0.0625 0.5625
vn 0.043246217459636055 -0.005693472539768748 -0.9990482215818579
vn 0.9905012255519768 -0.13040196020729464 0.04361938736533596
vn -0.043246217459636055 0.005693472539768748 0.9990482215818579
vn -0.9905012255519768 0.13040196020729464 -0.04361938736533596
vn 0.13052619222005193 0.9914448613738104 0
vn -0.13052619222005193 -0.9914448613738104 0
usemtl m_0
f 156/460/115 159/459/115 157/458/115 154/457/115
f 155/464/116 156/463/116 154/462/116 153/461/116
f 160/468/117 155/467/117 153/466/117 158/465/117
f 159/472/118 160/471/118 158/470/118 157/469/118
f 158/476/119 153/475/119 154/474/119 157/473/119
f 159/480/120 156/479/120 155/478/120 160/477/120
o frame
v -0.5849680742888622 0.26613043809779685 -1.1579228875858614
v -0.5805758803281179 0.2655521947929766 -1.259388722590269
v -0.5931259613026155 0.20416513426193372 -1.1579228875858614
v -0.5887337673418712 0.20358689095711344 -1.259388722590269
v -0.6424822069251165 0.27370231730593253 -1.2621149343006024
v -0.6468744008858608 0.2742805606107528 -1.1606490992961949
v -0.6506400939388698 0.21173701347006937 -1.2621149343006024
v -0.655032287899614 0.21231525677488963 -1.1606490992961949
vt 0.0625 0.9375
vt 0.4375 0.9375
vt 0.4375 0.5625
vt 0.0625 0.5625
vt 0.0625 0.9375
vt 0.4375 0.9375
vt 0.4375 0.5625
vt 0.0625 0.5625
vt 0.0625 0.9375
vt 0.4375 0.9375
vt 0.4375 0.5625
vt 0.0625 0.5625
vt 0.0625 0.9375
vt 0.4375 0.9375
vt 0.4375 0.5625
vt 0.0625 0.5625
vt 0.0625 0.9375
vt 0.4375 0.9375
vt 0.4375 0.5625
vt 0.0625 0.5625
vt 0.0625 0.9375
vt 0.4375 0.9375
vt 0.4375 0.5625
vt 0.0625 0.5625
vn 0.043246217459636055 -0.005693472539768748 -0.9990482215818579
vn 0.9905012255519768 -0.13040196020729464 0.04361938736533596
vn -0.043246217459636055 0.005693472539768748 0.9990482215818579
vn -0.9905012255519768 0.13040196020729464 -0.04361938736533596
vn 0.13052619222005193 0.9914448613738104 0
vn -0.13052619222005193 -0.9914448613738104 0
usemtl m_0
f 164/484/121 167/483/121 165/482/121 162/481/121
f 163/488/122 164/487/122 162/486/122 161/485/122
f 168/492/123 163/491/123 161/490/123 166/489/123
f 167/496/124 168/495/124 166/494/124 165/493/124
f 166/500/125 161/499/125 162/498/125 165/497/125
f 167/504/126 164/503/126 163/502/126 168/501/126
o frame
v 0.5807705295502901 0.11265803936832822 1.5572068290139913
v 0.5834734181415173 0.11230219733459268 1.4947663151651251
v 0.5726126425365368 0.05069273553246507 1.5572068290139913
v 0.575315531127764 0.050336893498729524 1.4947663151651251
v 0.5215670915445187 0.12045231984754859 1.4920401034547917
v 0.5188642029532915 0.12080816188128413 1.5544806173036578
v 0.5134092045307654 0.05848701601168544 1.4920401034547917
v 0.5107063159395382 0.058842858045420984 1.5544806173036578
vt 0.0625 0.9375
vt 0.4375 0.9375
vt 0.4375 0.5625
vt 0.0625 0.5625
vt 0.0625 0.9375
vt 0.4375 0.9375
vt 0.4375 0.5625
vt 0.0625 0.5625
vt 0.0625 0.9375
vt 0.4375 0.9375
vt 0.4375 0.5625
vt 0.0625 0.5625
vt 0.0625 0.9375
vt 0.4375 0.9375
vt 0.4375 0.5625
vt 0.0625 0.5625
vt 0.0625 0.9375
vt 0.4375 0.9375
vt 0.4375 0.5625
vt 0.0625 0.5625
vt 0.0625 0.9375
vt 0.4375 0.9375
vt 0.4375 0.5625
vt 0.0625 0.5625
vn 0.043246217459636055 -0.005693472539768748 -0.9990482215818579
vn 0.9905012255519768 -0.13040196020729464 0.04361938736533596
vn -0.043246217459636055 0.005693472539768748 0.9990482215818579
vn -0.9905012255519768 0.13040196020729464 -0.04361938736533596
vn 0.13052619222005193 0.9914448613738104 0
vn -0.13052619222005193 -0.9914448613738104 0
usemtl m_0
f 172/508/127 175/507/127 173/506/127 170/505/127
f 171/512/128 172/511/128 170/510/128 169/509/128
f 176/516/129 171/515/129 169/514/129 174/513/129
f 175/520/130 176/519/130 174/518/130 173/517/130
f 174/524/131 169/523/131 170/522/131 173/521/131
f 175/528/132 172/527/132 171/526/132 176/525/132
o frame
v 0.5195399251010984 0.12071920137285028 1.538870488841441
v 0.5222428136923256 0.12036335933911474 1.476429974992575
v 0.5113820380873451 0.05875389753698713 1.538870488841441
v 0.5140849266785723 0.058398055503251584 1.476429974992575
v 0.13532827246108464 0.17130162504508917 1.4593911518029905
v 0.1326253838698574 0.17165746707882473 1.5218316656518567
v 0.12717038544733145 0.10933632120922604 1.4593911518029905
v 0.1244674968561042 0.10969216324296159 1.5218316656518567
vt 0.0625 0.9375
vt 0.4375 0.9375
vt 0.4375 0.5625
vt 0.0625 0.5625
vt 0.0625 0.9375
vt 0.4375 0.9375
vt 0.4375 0.5625
vt 0.0625 0.5625
vt 0.0625 0.9375
vt 0.4375 0.9375
vt 0.4375 0.5625
vt 0.0625 0.5625
vt 0.0625 0.9375
vt 0.4375 0.9375
vt 0.4375 0.5625
vt 0.0625 0.5625
vt 0.0625 0.9375
vt 0.4375 0.9375
vt 0.4375 0.5625
vt 0.0625 0.5625
vt 0.0625 0.9375
vt 0.4375 0.9375
vt 0.4375 0.5625
vt 0.0625 0.5625
vn 0.043246217459636055 -0.005693472539768748 -0.9990482215818579
vn 0.9905012255519768 -0.13040196020729464 0.04361938736533596
vn -0.043246217459636055 0.005693472539768748 0.9990482215818579
vn -0.9905012255519768 0.13040196020729464 -0.04361938736533596
vn 0.13052619222005193 0.9914448613738104 0
vn -0.13052619222005193 -0.9914448613738104 0
usemtl m_0
f 180/532/133 183/531/133 181/530/133 178/529/133
f 179/536/134 180/535/134 178/534/134 177/533/134
f 184/540/135 179/539/135 177/538/135 182/537/135
f 183/544/136 184/543/136 182/542/136 181/541/136
f 182/548/137 177/547/137 178/546/137 181/545/137
f 183/552/138 180/551/138 179/550/138 184/549/138
o frame
v -0.21476815846185965 0.2173926945725281 1.5065332560181495
v -0.2120652698706324 0.21703685253879254 1.4440927421692835
v -0.22292604547561284 0.15542739073666495 1.5065332560181495
v -0.2202231568843856 0.15507154870292938 1.4440927421692835
v -0.5989798111018733 0.267975118244767 1.4270539189796991
v -0.6016826996931005 0.26833096027850256 1.4894944328285653
v -0.6071376981156265 0.20600981440890387 1.4270539189796991
v -0.6098405867068537 0.2063656564426394 1.4894944328285653
vt 0.0625 0.9375
vt 0.4375 0.9375
vt 0.4375 0.5625
vt 0.0625 0.5625
vt 0.0625 0.9375
vt 0.4375 0.9375
vt 0.4375 0.5625
vt 0.0625 0.5625
vt 0.0625 0.9375
vt 0.4375 0.9375
vt 0.4375 0.5625
vt 0.0625 0.5625
vt 0.0625 0.9375
vt 0.4375 0.9375
vt 0.4375 0.5625
vt 0.0625 0.5625
vt 0.0625 0.9375
vt 0.4375 0.9375
vt 0.4375 0.5625
vt 0.0625 0.5625
vt 0.0625 0.9375
vt 0.4375 0.9375
vt 0.4375 0.5625
vt 0.0625 0.5625
vn 0.043246217459636055 -0.005693472539768748 -0.9990482215818579
vn 0.9905012255519768 -0.13040196020729464 0.04361938736533596
vn -0.043246217459636055 0.005693472539768748 0.9990482215818579
vn -0.9905012255519768 0.13040196020729464 -0.04361938736533596
vn 0.13052619222005193 0.9914448613738104 0
vn -0.13052619222005193 -0.9914448613738104 0
usemtl m_0
f 188/556/139 191/555/139 189/554/139 186/553/139
f 187/560/140 188/559/140 186/558/140 185/557/140
f 192/564/141 187/563/141 185/562/141 190/561/141
f 191/568/142 192/567/142 190/566/142 189/565/142
f 190/572/143 185/571/143 186/570/143 189/569/143
f 191/576/144 188/575/144 187/574/144 192/573/144
o frame
v -0.6023584218409074 0.2684199207869365 1.5051045612907816
v -0.5996555332496801 0.268064078753201 1.4426640474419155
v -0.6105163088546607 0.20645461695107337 1.5051045612907816
v -0.6078134202634333 0.2060987749173378 1.4426640474419155
v -0.6615618598466787 0.27621420126615687 1.439937835731582
v -0.664264748437906 0.27657004329989243 1.5023783495804481
v -0.6697197468604319 0.21424889743029374 1.439937835731582
v -0.6724226354516591 0.21460473946402928 1.5023783495804481
vt 0.0625 0.9375
vt 0.4375 0.9375
vt 0.4375 0.5625
vt 0.0625 0.5625
vt 0.0625 0.9375
vt 0.4375 0.9375
vt 0.4375 0.5625
vt 0.0625 0.5625
vt 0.0625 0.9375
vt 0.4375 0.9375
vt 0.4375 0.5625
vt 0.0625 0.5625
vt 0.0625 0.9375
vt 0.4375 0.9375
vt 0.4375 0.5625
vt 0.0625 0.5625
vt 0.0625 0.9375
vt 0.4375 0.9375
vt 0.4375 0.5625
vt 0.0625 0.5625
vt 0.0625 0.9375
vt 0.4375 0.9375
vt 0.4375 0.5625
vt 0.0625 0.5625
vn 0.043246217459636055 -0.005693472539768748 -0.9990482215818579
vn 0.9905012255519768 -0.13040196020729464 0.04361938736533596
vn -0.043246217459636055 0.005693472539768748 0.9990482215818579
vn -0.9905012255519768 0.13040196020729464 -0.04361938736533596
vn 0.13052619222005193 0.9914448613738104 0
vn -0.13052619222005193 -0.9914448613738104 0
usemtl m_0
f 196/580/145 199/579/145 197/578/145 194/577/145
f 195/584/146 196/583/146 194/582/146 193/581/146
f 200/588/147 195/587/147 193/586/147 198/585/147
f 199/592/148 200/591/148 198/590/148 197/589/148
f 198/596/149 193/595/149 194/594/149 197/593/149
f 199/600/150 196/599/150 195/598/150 200/597/150
o frame
v 0.8176698566338767 0.08146965128100056 -1.654177126881365
v 0.8311842995900129 0.07969044111232283 -1.9663796961256956
v 0.8095119696201234 0.019504347445137418 -1.654177126881365
v 0.8230264125762596 0.01772513727645969 -1.9663796961256956
v 0.7692779729930144 0.08784056362527874 -1.9691059078360291
v 0.7557635300368781 0.08961977379395647 -1.6569033385916985
v 0.7611200859792612 0.0258752597894156 -1.9691059078360291
v 0.7476056430231249 0.02765446995809333 -1.6569033385916985
vt 0.0625 0.9375
vt 0.4375 0.9375
vt 0.4375 0.5625
vt 0.0625 0.5625
vt 0.0625 0.9375
vt 0.4375 0.9375
vt 0.4375 0.5625
vt 0.0625 0.5625
vt 0.0625 0.9375
vt 0.4375 0.9375
vt 0.4375 0.5625
vt 0.0625 0.5625
vt 0.0625 0.9375
vt 0.4375 0.9375
vt 0.4375 0.5625
vt 0.0625 0.5625
vt 0.0625 0.9375
vt 0.4375 0.9375
vt 0.4375 0.5625
vt 0.0625 0.5625
vt 0.0625 0.9375
vt 0.4375 0.9375
vt 0.4375 0.5625
vt 0.0625 0.5625
vn 0.043246217459636055 -0.005693472539768748 -0.9990482215818579
vn 0.9905012255519768 -0.13040196020729464 0.04361938736533596
vn -0.043246217459636055 0.005693472539768748 0.9990482215818579
vn -0.9905012255519768 0.13040196020729464 -0.04361938736533596
vn 0.13052619222005193 0.9914448613738104 0
vn -0.13052619222005193 -0.9914448613738104 0
usemtl m_0
f 204/604/151 207/603/151 205/602/151 202/601/151
f 203/608/152 204/607/152 202/606/152 201/605/152
f 208/612/153 203/611/153 201/610/153 206/609/153
f 207/616/154 208/615/154 206/614/154 205/613/154
f 206/620/155 201/619/155 202/618/155 205/617/155
f 207/624/156 204/623/156 203/622/156 208/621/156
o frame
v -0.560860224028087 0.26295657939950284 -1.7148844092470712
